/*--------------------------------*- C++ -*----------------------------------*\
| =========                 |                                                 |
| \\      /  F ield         | OpenFOAM: The Open Source CFD Toolbox           |
|  \\    /   O peration     | Version:  2.3.x                                 |
|   \\  /    A nd           | Web:      www.OpenFOAM.org                      |
|    \\/     M anipulation  |                                                 |
\*---------------------------------------------------------------------------*/
FoamFile
{
    version     2.0;
    format      ascii;
    class       faceSet;
    location    "constant/polyMesh/sets";
    object      parallelFacesAtExtPipeWall;
}
// * * * * * * * * * * * * * * * * * * * * * * * * * * * * * * * * * * * * * //


640
(
0 
2 
4 
6 
8 
10 
12 
14 
16 
18 
20 
22 
24 
26 
28 
30 
32 
34 
36 
38 
40 
42 
44 
46 
48 
50 
52 
54 
56 
58 
60 
62 
64 
66 
68 
70 
72 
74 
76 
78 
80 
82 
84 
86 
88 
90 
92 
94 
96 
98 
100 
102 
104 
106 
108 
110 
112 
114 
116 
118 
120 
122 
124 
126 
128 
130 
132 
134 
136 
138 
140 
142 
144 
146 
148 
150 
152 
154 
156 
158 
160 
162 
164 
166 
168 
170 
172 
174 
176 
178 
180 
182 
184 
186 
188 
190 
192 
194 
196 
198 
200 
202 
204 
206 
208 
210 
212 
214 
216 
218 
220 
222 
224 
226 
228 
230 
232 
234 
236 
238 
240 
242 
244 
246 
248 
250 
252 
254 
256 
258 
260 
262 
264 
266 
268 
270 
272 
274 
276 
278 
280 
282 
284 
286 
288 
290 
292 
294 
296 
298 
300 
302 
304 
306 
308 
310 
312 
314 
316 
318 
320 
322 
324 
326 
328 
330 
332 
334 
336 
338 
340 
342 
344 
346 
348 
350 
352 
354 
356 
358 
360 
362 
364 
366 
368 
370 
372 
374 
376 
378 
380 
382 
384 
386 
388 
390 
392 
394 
396 
398 
400 
402 
404 
406 
408 
410 
412 
414 
416 
418 
420 
422 
424 
426 
428 
430 
432 
434 
436 
438 
440 
442 
444 
446 
448 
450 
452 
454 
456 
458 
460 
462 
464 
466 
468 
470 
472 
474 
476 
478 
480 
482 
484 
486 
488 
490 
492 
494 
496 
498 
500 
502 
504 
506 
508 
510 
512 
514 
516 
518 
520 
522 
524 
526 
528 
530 
532 
534 
536 
538 
540 
542 
544 
547 
549 
551 
553 
555 
557 
559 
561 
563 
565 
567 
569 
571 
573 
575 
577 
579 
581 
583 
585 
587 
589 
591 
594 
595 
597 
599 
601 
603 
605 
607 
609 
611 
613 
615 
617 
619 
621 
623 
625 
627 
629 
631 
633 
635 
637 
639 
641 
643 
644 
646 
648 
650 
652 
654 
656 
658 
660 
662 
664 
666 
668 
670 
672 
674 
676 
678 
680 
682 
684 
686 
688 
690 
692 
693 
695 
697 
698 
700 
702 
704 
706 
708 
710 
712 
714 
716 
718 
720 
722 
724 
726 
728 
730 
732 
734 
736 
738 
740 
741 
743 
744 
746 
748 
750 
752 
754 
756 
758 
760 
762 
764 
766 
768 
770 
772 
774 
776 
778 
780 
782 
784 
785 
787 
788 
790 
792 
794 
796 
798 
800 
802 
804 
806 
808 
810 
812 
814 
816 
818 
820 
822 
824 
826 
828 
829 
831 
832 
834 
836 
838 
840 
842 
844 
846 
848 
850 
852 
854 
856 
858 
860 
862 
864 
866 
868 
870 
872 
874 
876 
878 
880 
882 
884 
886 
888 
890 
892 
894 
896 
898 
900 
902 
904 
906 
908 
910 
912 
914 
916 
918 
920 
922 
924 
926 
928 
930 
932 
934 
936 
938 
940 
942 
944 
946 
948 
950 
952 
954 
956 
958 
960 
962 
964 
966 
968 
970 
972 
974 
976 
978 
980 
982 
984 
986 
988 
990 
992 
994 
996 
998 
1000 
1002 
1004 
1006 
1008 
1010 
1012 
1014 
1016 
1018 
1020 
1022 
1024 
1026 
1028 
1030 
1032 
1034 
1036 
1038 
1040 
1042 
1044 
1046 
1048 
1050 
1052 
1054 
1056 
1058 
1060 
1062 
1064 
1066 
1068 
1070 
1072 
1074 
1076 
1078 
1080 
1082 
1084 
1086 
1088 
1090 
1092 
1094 
1096 
1098 
1100 
1102 
1104 
1106 
1108 
1110 
1112 
1114 
1116 
1118 
1120 
1122 
1124 
1126 
1128 
1130 
1132 
1134 
1136 
1138 
1140 
1142 
1144 
1146 
1148 
1150 
1152 
1154 
1156 
1158 
1160 
1162 
1164 
1166 
1168 
1170 
1172 
1174 
1176 
1178 
1180 
1182 
1184 
1186 
1188 
1190 
1192 
1194 
1196 
1198 
1200 
1202 
1204 
1206 
1208 
1210 
1212 
1214 
1216 
1218 
1220 
1222 
1224 
1226 
1228 
1230 
1232 
1234 
1236 
1238 
1240 
1242 
1244 
1246 
1248 
1250 
1251 
1253 
1255 
1256 
1258 
1260 
1261 
1263 
1264 
1265 
)

// ************************************************************************* //
