/*--------------------------------*- C++ -*----------------------------------*\
| =========                 |                                                 |
| \\      /  F ield         | OpenFOAM: The Open Source CFD Toolbox           |
|  \\    /   O peration     | Version:  2.3.x                                 |
|   \\  /    A nd           | Web:      www.OpenFOAM.org                      |
|    \\/     M anipulation  |                                                 |
\*---------------------------------------------------------------------------*/
FoamFile
{
    version     2.0;
    format      ascii;
    class       faceList;
    location    "constant/ImpingedWall/polyMesh";
    object      faces;
}
// * * * * * * * * * * * * * * * * * * * * * * * * * * * * * * * * * * * * * //


2139
(
4(132 17 12 127)
3(132 127 126)
4(133 18 13 128)
4(133 128 127 132)
4(195 132 127 190)
3(190 189 195)
4(134 19 14 129)
4(134 129 128 133)
4(196 133 128 191)
4(191 190 195 196)
4(258 195 190 253)
3(253 252 258)
4(135 20 15 130)
4(135 130 129 134)
4(197 134 129 192)
4(192 191 196 197)
4(259 196 191 254)
4(254 253 258 259)
4(321 258 253 316)
3(316 315 321)
4(136 21 16 131)
4(136 131 130 135)
4(198 135 130 193)
4(193 192 197 198)
4(260 197 192 255)
4(255 254 259 260)
4(322 259 254 317)
4(317 316 321 322)
4(384 321 316 379)
3(379 378 384)
4(163 100 74 137)
4(163 137 131 136)
4(199 136 131 194)
4(194 193 198 199)
4(261 198 193 256)
4(256 255 260 261)
4(323 260 255 318)
4(318 317 322 323)
4(385 322 317 380)
4(380 379 384 385)
4(447 384 379 442)
3(442 441 447)
4(164 101 75 138)
4(164 138 137 163)
4(226 163 137 200)
4(200 194 199 226)
4(262 199 194 257)
4(257 256 261 262)
4(324 261 256 319)
4(319 318 323 324)
4(386 323 318 381)
4(381 380 385 386)
4(448 385 380 443)
4(443 442 447 448)
4(510 447 442 505)
3(505 504 510)
4(165 102 76 139)
4(165 139 138 164)
4(227 164 138 201)
4(201 200 226 227)
4(289 226 200 263)
4(263 257 262 289)
4(325 262 257 320)
4(320 319 324 325)
4(387 324 319 382)
4(382 381 386 387)
4(449 386 381 444)
4(444 443 448 449)
4(511 448 443 506)
4(506 505 510 511)
4(573 510 505 568)
3(568 567 573)
4(166 103 77 140)
4(166 140 139 165)
4(228 165 139 202)
4(202 201 227 228)
4(290 227 201 264)
4(264 263 289 290)
4(352 289 263 326)
4(326 320 325 352)
4(388 325 320 383)
4(383 382 387 388)
4(450 387 382 445)
4(445 444 449 450)
4(512 449 444 507)
4(507 506 511 512)
4(574 511 506 569)
4(569 568 573 574)
4(636 573 568 631)
3(631 630 636)
4(167 104 78 141)
4(167 141 140 166)
4(229 166 140 203)
4(203 202 228 229)
4(291 228 202 265)
4(265 264 290 291)
4(353 290 264 327)
4(327 326 352 353)
4(415 352 326 389)
4(389 383 388 415)
4(451 388 383 446)
4(446 445 450 451)
4(513 450 445 508)
4(508 507 512 513)
4(575 512 507 570)
4(570 569 574 575)
4(637 574 569 632)
4(632 631 636 637)
4(699 636 631 694)
3(694 693 699)
4(168 105 79 142)
4(168 142 141 167)
4(230 167 141 204)
4(204 203 229 230)
4(292 229 203 266)
4(266 265 291 292)
4(354 291 265 328)
4(328 327 353 354)
4(416 353 327 390)
4(390 389 415 416)
4(478 415 389 452)
4(452 446 451 478)
4(514 451 446 509)
4(509 508 513 514)
4(576 513 508 571)
4(571 570 575 576)
4(638 575 570 633)
4(633 632 637 638)
4(700 637 632 695)
4(695 694 699 700)
4(762 699 694 757)
3(757 756 762)
4(169 106 80 143)
4(169 143 142 168)
4(231 168 142 205)
4(205 204 230 231)
4(293 230 204 267)
4(267 266 292 293)
4(355 292 266 329)
4(329 328 354 355)
4(417 354 328 391)
4(391 390 416 417)
4(479 416 390 453)
4(453 452 478 479)
4(541 478 452 515)
4(515 509 514 541)
4(577 514 509 572)
4(572 571 576 577)
4(639 576 571 634)
4(634 633 638 639)
4(701 638 633 696)
4(696 695 700 701)
4(763 700 695 758)
4(758 757 762 763)
4(825 762 757 820)
3(820 819 825)
4(170 107 81 144)
4(170 144 143 169)
4(232 169 143 206)
4(206 205 231 232)
4(294 231 205 268)
4(268 267 293 294)
4(356 293 267 330)
4(330 329 355 356)
4(418 355 329 392)
4(392 391 417 418)
4(480 417 391 454)
4(454 453 479 480)
4(542 479 453 516)
4(516 515 541 542)
4(604 541 515 578)
4(578 572 577 604)
4(640 577 572 635)
4(635 634 639 640)
4(702 639 634 697)
4(697 696 701 702)
4(764 701 696 759)
4(759 758 763 764)
4(826 763 758 821)
4(821 820 825 826)
4(888 825 820 883)
3(883 882 888)
4(171 108 82 145)
4(171 145 144 170)
4(233 170 144 207)
4(207 206 232 233)
4(295 232 206 269)
4(269 268 294 295)
4(357 294 268 331)
4(331 330 356 357)
4(419 356 330 393)
4(393 392 418 419)
4(481 418 392 455)
4(455 454 480 481)
4(543 480 454 517)
4(517 516 542 543)
4(605 542 516 579)
4(579 578 604 605)
4(667 604 578 641)
4(641 635 640 667)
4(703 640 635 698)
4(698 697 702 703)
4(765 702 697 760)
4(760 759 764 765)
4(827 764 759 822)
4(822 821 826 827)
4(889 826 821 884)
4(884 883 888 889)
4(951 888 883 946)
3(946 945 951)
4(172 109 83 146)
4(172 146 145 171)
4(234 171 145 208)
4(208 207 233 234)
4(296 233 207 270)
4(270 269 295 296)
4(358 295 269 332)
4(332 331 357 358)
4(420 357 331 394)
4(394 393 419 420)
4(482 419 393 456)
4(456 455 481 482)
4(544 481 455 518)
4(518 517 543 544)
4(606 543 517 580)
4(580 579 605 606)
4(668 605 579 642)
4(642 641 667 668)
4(730 667 641 704)
4(704 698 703 730)
4(766 703 698 761)
4(761 760 765 766)
4(828 765 760 823)
4(823 822 827 828)
4(890 827 822 885)
4(885 884 889 890)
4(952 889 884 947)
4(947 946 951 952)
4(1014 951 946 1009)
3(1009 1008 1014)
4(173 110 84 147)
4(173 147 146 172)
4(235 172 146 209)
4(209 208 234 235)
4(297 234 208 271)
4(271 270 296 297)
4(359 296 270 333)
4(333 332 358 359)
4(421 358 332 395)
4(395 394 420 421)
4(483 420 394 457)
4(457 456 482 483)
4(545 482 456 519)
4(519 518 544 545)
4(607 544 518 581)
4(581 580 606 607)
4(669 606 580 643)
4(643 642 668 669)
4(731 668 642 705)
4(705 704 730 731)
4(793 730 704 767)
4(767 761 766 793)
4(829 766 761 824)
4(824 823 828 829)
4(891 828 823 886)
4(886 885 890 891)
4(953 890 885 948)
4(948 947 952 953)
4(1015 952 947 1010)
4(1010 1009 1014 1015)
4(1077 1014 1009 1072)
3(1072 1071 1077)
4(174 111 85 148)
4(174 148 147 173)
4(236 173 147 210)
4(210 209 235 236)
4(298 235 209 272)
4(272 271 297 298)
4(360 297 271 334)
4(334 333 359 360)
4(422 359 333 396)
4(396 395 421 422)
4(484 421 395 458)
4(458 457 483 484)
4(546 483 457 520)
4(520 519 545 546)
4(608 545 519 582)
4(582 581 607 608)
4(670 607 581 644)
4(644 643 669 670)
4(732 669 643 706)
4(706 705 731 732)
4(794 731 705 768)
4(768 767 793 794)
4(856 793 767 830)
4(830 824 829 856)
4(892 829 824 887)
4(887 886 891 892)
4(954 891 886 949)
4(949 948 953 954)
4(1016 953 948 1011)
4(1011 1010 1015 1016)
4(1078 1015 1010 1073)
4(1073 1072 1077 1078)
4(1072 1 6 1077)
4(175 112 86 149)
4(175 149 148 174)
4(237 174 148 211)
4(211 210 236 237)
4(299 236 210 273)
4(273 272 298 299)
4(361 298 272 335)
4(335 334 360 361)
4(423 360 334 397)
4(397 396 422 423)
4(485 422 396 459)
4(459 458 484 485)
4(547 484 458 521)
4(521 520 546 547)
4(609 546 520 583)
4(583 582 608 609)
4(671 608 582 645)
4(645 644 670 671)
4(733 670 644 707)
4(707 706 732 733)
4(795 732 706 769)
4(769 768 794 795)
4(857 794 768 831)
4(831 830 856 857)
4(919 856 830 893)
4(893 887 892 919)
4(955 892 887 950)
4(950 949 954 955)
4(1017 954 949 1012)
4(1012 1011 1016 1017)
4(1079 1016 1011 1074)
4(1074 1073 1078 1079)
4(1073 2 7 1078)
4(176 113 87 150)
4(176 150 149 175)
4(238 175 149 212)
4(212 211 237 238)
4(300 237 211 274)
4(274 273 299 300)
4(362 299 273 336)
4(336 335 361 362)
4(424 361 335 398)
4(398 397 423 424)
4(486 423 397 460)
4(460 459 485 486)
4(548 485 459 522)
4(522 521 547 548)
4(610 547 521 584)
4(584 583 609 610)
4(672 609 583 646)
4(646 645 671 672)
4(734 671 645 708)
4(708 707 733 734)
4(796 733 707 770)
4(770 769 795 796)
4(858 795 769 832)
4(832 831 857 858)
4(920 857 831 894)
4(894 893 919 920)
4(982 919 893 956)
4(956 950 955 982)
4(1018 955 950 1013)
4(1013 1012 1017 1018)
4(1080 1017 1012 1075)
4(1075 1074 1079 1080)
4(1074 3 8 1079)
4(177 114 88 151)
4(177 151 150 176)
4(239 176 150 213)
4(213 212 238 239)
4(301 238 212 275)
4(275 274 300 301)
4(363 300 274 337)
4(337 336 362 363)
4(425 362 336 399)
4(399 398 424 425)
4(487 424 398 461)
4(461 460 486 487)
4(549 486 460 523)
4(523 522 548 549)
4(611 548 522 585)
4(585 584 610 611)
4(673 610 584 647)
4(647 646 672 673)
4(735 672 646 709)
4(709 708 734 735)
4(797 734 708 771)
4(771 770 796 797)
4(859 796 770 833)
4(833 832 858 859)
4(921 858 832 895)
4(895 894 920 921)
4(983 920 894 957)
4(957 956 982 983)
4(1045 982 956 1019)
4(1019 1013 1018 1045)
4(1081 1018 1013 1076)
4(1076 1075 1080 1081)
4(1075 4 9 1080)
4(178 115 89 152)
4(178 152 151 177)
4(240 177 151 214)
4(214 213 239 240)
4(302 239 213 276)
4(276 275 301 302)
4(364 301 275 338)
4(338 337 363 364)
4(426 363 337 400)
4(400 399 425 426)
4(488 425 399 462)
4(462 461 487 488)
4(550 487 461 524)
4(524 523 549 550)
4(612 549 523 586)
4(586 585 611 612)
4(674 611 585 648)
4(648 647 673 674)
4(736 673 647 710)
4(710 709 735 736)
4(798 735 709 772)
4(772 771 797 798)
4(860 797 771 834)
4(834 833 859 860)
4(922 859 833 896)
4(896 895 921 922)
4(984 921 895 958)
4(958 957 983 984)
4(1046 983 957 1020)
4(1020 1019 1045 1046)
4(1108 1045 1019 1082)
4(1082 1076 1081 1108)
4(1076 5 10 1081)
4(179 116 90 153)
4(179 153 152 178)
4(241 178 152 215)
4(215 214 240 241)
4(303 240 214 277)
4(277 276 302 303)
4(365 302 276 339)
4(339 338 364 365)
4(427 364 338 401)
4(401 400 426 427)
4(489 426 400 463)
4(463 462 488 489)
4(551 488 462 525)
4(525 524 550 551)
4(613 550 524 587)
4(587 586 612 613)
4(675 612 586 649)
4(649 648 674 675)
4(737 674 648 711)
4(711 710 736 737)
4(799 736 710 773)
4(773 772 798 799)
4(861 798 772 835)
4(835 834 860 861)
4(923 860 834 897)
4(897 896 922 923)
4(985 922 896 959)
4(959 958 984 985)
4(1047 984 958 1021)
4(1021 1020 1046 1047)
4(1109 1046 1020 1083)
4(1083 1082 1108 1109)
4(1082 22 48 1108)
4(180 117 91 154)
4(180 154 153 179)
4(242 179 153 216)
4(216 215 241 242)
4(304 241 215 278)
4(278 277 303 304)
4(366 303 277 340)
4(340 339 365 366)
4(428 365 339 402)
4(402 401 427 428)
4(490 427 401 464)
4(464 463 489 490)
4(552 489 463 526)
4(526 525 551 552)
4(614 551 525 588)
4(588 587 613 614)
4(676 613 587 650)
4(650 649 675 676)
4(738 675 649 712)
4(712 711 737 738)
4(800 737 711 774)
4(774 773 799 800)
4(862 799 773 836)
4(836 835 861 862)
4(924 861 835 898)
4(898 897 923 924)
4(986 923 897 960)
4(960 959 985 986)
4(1048 985 959 1022)
4(1022 1021 1047 1048)
4(1110 1047 1021 1084)
4(1084 1083 1109 1110)
4(1083 23 49 1109)
4(181 118 92 155)
4(181 155 154 180)
4(243 180 154 217)
4(217 216 242 243)
4(305 242 216 279)
4(279 278 304 305)
4(367 304 278 341)
4(341 340 366 367)
4(429 366 340 403)
4(403 402 428 429)
4(491 428 402 465)
4(465 464 490 491)
4(553 490 464 527)
4(527 526 552 553)
4(615 552 526 589)
4(589 588 614 615)
4(677 614 588 651)
4(651 650 676 677)
4(739 676 650 713)
4(713 712 738 739)
4(801 738 712 775)
4(775 774 800 801)
4(863 800 774 837)
4(837 836 862 863)
4(925 862 836 899)
4(899 898 924 925)
4(987 924 898 961)
4(961 960 986 987)
4(1049 986 960 1023)
4(1023 1022 1048 1049)
4(1111 1048 1022 1085)
4(1085 1084 1110 1111)
4(1084 24 50 1110)
4(182 119 93 156)
4(182 156 155 181)
4(244 181 155 218)
4(218 217 243 244)
4(306 243 217 280)
4(280 279 305 306)
4(368 305 279 342)
4(342 341 367 368)
4(430 367 341 404)
4(404 403 429 430)
4(492 429 403 466)
4(466 465 491 492)
4(554 491 465 528)
4(528 527 553 554)
4(616 553 527 590)
4(590 589 615 616)
4(678 615 589 652)
4(652 651 677 678)
4(740 677 651 714)
4(714 713 739 740)
4(802 739 713 776)
4(776 775 801 802)
4(864 801 775 838)
4(838 837 863 864)
4(926 863 837 900)
4(900 899 925 926)
4(988 925 899 962)
4(962 961 987 988)
4(1050 987 961 1024)
4(1024 1023 1049 1050)
4(1112 1049 1023 1086)
4(1086 1085 1111 1112)
4(1085 25 51 1111)
4(183 120 94 157)
4(183 157 156 182)
4(245 182 156 219)
4(219 218 244 245)
4(307 244 218 281)
4(281 280 306 307)
4(369 306 280 343)
4(343 342 368 369)
4(431 368 342 405)
4(405 404 430 431)
4(493 430 404 467)
4(467 466 492 493)
4(555 492 466 529)
4(529 528 554 555)
4(617 554 528 591)
4(591 590 616 617)
4(679 616 590 653)
4(653 652 678 679)
4(741 678 652 715)
4(715 714 740 741)
4(803 740 714 777)
4(777 776 802 803)
4(865 802 776 839)
4(839 838 864 865)
4(927 864 838 901)
4(901 900 926 927)
4(989 926 900 963)
4(963 962 988 989)
4(1051 988 962 1025)
4(1025 1024 1050 1051)
4(1113 1050 1024 1087)
4(1087 1086 1112 1113)
4(1086 26 52 1112)
4(184 121 95 158)
4(184 158 157 183)
4(246 183 157 220)
4(220 219 245 246)
4(308 245 219 282)
4(282 281 307 308)
4(370 307 281 344)
4(344 343 369 370)
4(432 369 343 406)
4(406 405 431 432)
4(494 431 405 468)
4(468 467 493 494)
4(556 493 467 530)
4(530 529 555 556)
4(618 555 529 592)
4(592 591 617 618)
4(680 617 591 654)
4(654 653 679 680)
4(742 679 653 716)
4(716 715 741 742)
4(804 741 715 778)
4(778 777 803 804)
4(866 803 777 840)
4(840 839 865 866)
4(928 865 839 902)
4(902 901 927 928)
4(990 927 901 964)
4(964 963 989 990)
4(1052 989 963 1026)
4(1026 1025 1051 1052)
4(1114 1051 1025 1088)
4(1088 1087 1113 1114)
4(1087 27 53 1113)
4(185 122 96 159)
4(185 159 158 184)
4(247 184 158 221)
4(221 220 246 247)
4(309 246 220 283)
4(283 282 308 309)
4(371 308 282 345)
4(345 344 370 371)
4(433 370 344 407)
4(407 406 432 433)
4(495 432 406 469)
4(469 468 494 495)
4(557 494 468 531)
4(531 530 556 557)
4(619 556 530 593)
4(593 592 618 619)
4(681 618 592 655)
4(655 654 680 681)
4(743 680 654 717)
4(717 716 742 743)
4(805 742 716 779)
4(779 778 804 805)
4(867 804 778 841)
4(841 840 866 867)
4(929 866 840 903)
4(903 902 928 929)
4(991 928 902 965)
4(965 964 990 991)
4(1053 990 964 1027)
4(1027 1026 1052 1053)
4(1115 1052 1026 1089)
4(1089 1088 1114 1115)
4(1088 28 54 1114)
4(186 123 97 160)
4(186 160 159 185)
4(248 185 159 222)
4(222 221 247 248)
4(310 247 221 284)
4(284 283 309 310)
4(372 309 283 346)
4(346 345 371 372)
4(434 371 345 408)
4(408 407 433 434)
4(496 433 407 470)
4(470 469 495 496)
4(558 495 469 532)
4(532 531 557 558)
4(620 557 531 594)
4(594 593 619 620)
4(682 619 593 656)
4(656 655 681 682)
4(744 681 655 718)
4(718 717 743 744)
4(806 743 717 780)
4(780 779 805 806)
4(868 805 779 842)
4(842 841 867 868)
4(930 867 841 904)
4(904 903 929 930)
4(992 929 903 966)
4(966 965 991 992)
4(1054 991 965 1028)
4(1028 1027 1053 1054)
4(1116 1053 1027 1090)
4(1090 1089 1115 1116)
4(1089 29 55 1115)
4(187 124 98 161)
4(187 161 160 186)
4(249 186 160 223)
4(223 222 248 249)
4(311 248 222 285)
4(285 284 310 311)
4(373 310 284 347)
4(347 346 372 373)
4(435 372 346 409)
4(409 408 434 435)
4(497 434 408 471)
4(471 470 496 497)
4(559 496 470 533)
4(533 532 558 559)
4(621 558 532 595)
4(595 594 620 621)
4(683 620 594 657)
4(657 656 682 683)
4(745 682 656 719)
4(719 718 744 745)
4(807 744 718 781)
4(781 780 806 807)
4(869 806 780 843)
4(843 842 868 869)
4(931 868 842 905)
4(905 904 930 931)
4(993 930 904 967)
4(967 966 992 993)
4(1055 992 966 1029)
4(1029 1028 1054 1055)
4(1117 1054 1028 1091)
4(1091 1090 1116 1117)
4(1090 30 56 1116)
4(188 162 161 187)
4(250 187 161 224)
4(224 223 249 250)
4(312 249 223 286)
4(286 285 311 312)
4(374 311 285 348)
4(348 347 373 374)
4(436 373 347 410)
4(410 409 435 436)
4(498 435 409 472)
4(472 471 497 498)
4(560 497 471 534)
4(534 533 559 560)
4(622 559 533 596)
4(596 595 621 622)
4(684 621 595 658)
4(658 657 683 684)
4(746 683 657 720)
4(720 719 745 746)
4(808 745 719 782)
4(782 781 807 808)
4(870 807 781 844)
4(844 843 869 870)
4(932 869 843 906)
4(906 905 931 932)
4(994 931 905 968)
4(968 967 993 994)
4(1056 993 967 1030)
4(1030 1029 1055 1056)
4(1118 1055 1029 1092)
4(1092 1091 1117 1118)
4(1091 31 57 1117)
4(225 224 250 251)
4(313 250 224 287)
4(287 286 312 313)
4(375 312 286 349)
4(349 348 374 375)
4(437 374 348 411)
4(411 410 436 437)
4(499 436 410 473)
4(473 472 498 499)
4(561 498 472 535)
4(535 534 560 561)
4(623 560 534 597)
4(597 596 622 623)
4(685 622 596 659)
4(659 658 684 685)
4(747 684 658 721)
4(721 720 746 747)
4(809 746 720 783)
4(783 782 808 809)
4(871 808 782 845)
4(845 844 870 871)
4(933 870 844 907)
4(907 906 932 933)
4(995 932 906 969)
4(969 968 994 995)
4(1057 994 968 1031)
4(1031 1030 1056 1057)
4(1119 1056 1030 1093)
4(1093 1092 1118 1119)
4(1092 32 58 1118)
4(288 287 313 314)
4(376 313 287 350)
4(350 349 375 376)
4(438 375 349 412)
4(412 411 437 438)
4(500 437 411 474)
4(474 473 499 500)
4(562 499 473 536)
4(536 535 561 562)
4(624 561 535 598)
4(598 597 623 624)
4(686 623 597 660)
4(660 659 685 686)
4(748 685 659 722)
4(722 721 747 748)
4(810 747 721 784)
4(784 783 809 810)
4(872 809 783 846)
4(846 845 871 872)
4(934 871 845 908)
4(908 907 933 934)
4(996 933 907 970)
4(970 969 995 996)
4(1058 995 969 1032)
4(1032 1031 1057 1058)
4(1120 1057 1031 1094)
4(1094 1093 1119 1120)
4(1093 33 59 1119)
4(351 350 376 377)
4(439 376 350 413)
4(413 412 438 439)
4(501 438 412 475)
4(475 474 500 501)
4(563 500 474 537)
4(537 536 562 563)
4(625 562 536 599)
4(599 598 624 625)
4(687 624 598 661)
4(661 660 686 687)
4(749 686 660 723)
4(723 722 748 749)
4(811 748 722 785)
4(785 784 810 811)
4(873 810 784 847)
4(847 846 872 873)
4(935 872 846 909)
4(909 908 934 935)
4(997 934 908 971)
4(971 970 996 997)
4(1059 996 970 1033)
4(1033 1032 1058 1059)
4(1121 1058 1032 1095)
4(1095 1094 1120 1121)
4(1094 34 60 1120)
4(414 413 439 440)
4(502 439 413 476)
4(476 475 501 502)
4(564 501 475 538)
4(538 537 563 564)
4(626 563 537 600)
4(600 599 625 626)
4(688 625 599 662)
4(662 661 687 688)
4(750 687 661 724)
4(724 723 749 750)
4(812 749 723 786)
4(786 785 811 812)
4(874 811 785 848)
4(848 847 873 874)
4(936 873 847 910)
4(910 909 935 936)
4(998 935 909 972)
4(972 971 997 998)
4(1060 997 971 1034)
4(1034 1033 1059 1060)
4(1122 1059 1033 1096)
4(1096 1095 1121 1122)
4(1095 35 61 1121)
4(477 476 502 503)
4(565 502 476 539)
4(539 538 564 565)
4(627 564 538 601)
4(601 600 626 627)
4(689 626 600 663)
4(663 662 688 689)
4(751 688 662 725)
4(725 724 750 751)
4(813 750 724 787)
4(787 786 812 813)
4(875 812 786 849)
4(849 848 874 875)
4(937 874 848 911)
4(911 910 936 937)
4(999 936 910 973)
4(973 972 998 999)
4(1061 998 972 1035)
4(1035 1034 1060 1061)
4(1123 1060 1034 1097)
4(1097 1096 1122 1123)
4(1096 36 62 1122)
4(540 539 565 566)
4(628 565 539 602)
4(602 601 627 628)
4(690 627 601 664)
4(664 663 689 690)
4(752 689 663 726)
4(726 725 751 752)
4(814 751 725 788)
4(788 787 813 814)
4(876 813 787 850)
4(850 849 875 876)
4(938 875 849 912)
4(912 911 937 938)
4(1000 937 911 974)
4(974 973 999 1000)
4(1062 999 973 1036)
4(1036 1035 1061 1062)
4(1124 1061 1035 1098)
4(1098 1097 1123 1124)
4(1097 37 63 1123)
4(603 602 628 629)
4(691 628 602 665)
4(665 664 690 691)
4(753 690 664 727)
4(727 726 752 753)
4(815 752 726 789)
4(789 788 814 815)
4(877 814 788 851)
4(851 850 876 877)
4(939 876 850 913)
4(913 912 938 939)
4(1001 938 912 975)
4(975 974 1000 1001)
4(1063 1000 974 1037)
4(1037 1036 1062 1063)
4(1125 1062 1036 1099)
4(1099 1098 1124 1125)
4(1098 38 64 1124)
4(666 665 691 692)
4(754 691 665 728)
4(728 727 753 754)
4(816 753 727 790)
4(790 789 815 816)
4(878 815 789 852)
4(852 851 877 878)
4(940 877 851 914)
4(914 913 939 940)
4(1002 939 913 976)
4(976 975 1001 1002)
4(1064 1001 975 1038)
4(1038 1037 1063 1064)
4(1126 1063 1037 1100)
4(1100 1099 1125 1126)
4(1099 39 65 1125)
4(729 728 754 755)
4(817 754 728 791)
4(791 790 816 817)
4(879 816 790 853)
4(853 852 878 879)
4(941 878 852 915)
4(915 914 940 941)
4(1003 940 914 977)
4(977 976 1002 1003)
4(1065 1002 976 1039)
4(1039 1038 1064 1065)
4(1127 1064 1038 1101)
4(1101 1100 1126 1127)
4(1100 40 66 1126)
4(792 791 817 818)
4(880 817 791 854)
4(854 853 879 880)
4(942 879 853 916)
4(916 915 941 942)
4(1004 941 915 978)
4(978 977 1003 1004)
4(1066 1003 977 1040)
4(1040 1039 1065 1066)
4(1128 1065 1039 1102)
4(1102 1101 1127 1128)
4(1101 41 67 1127)
4(855 854 880 881)
4(943 880 854 917)
4(917 916 942 943)
4(1005 942 916 979)
4(979 978 1004 1005)
4(1067 1004 978 1041)
4(1041 1040 1066 1067)
4(1129 1066 1040 1103)
4(1103 1102 1128 1129)
4(1102 42 68 1128)
4(918 917 943 944)
4(1006 943 917 980)
4(980 979 1005 1006)
4(1068 1005 979 1042)
4(1042 1041 1067 1068)
4(1130 1067 1041 1104)
4(1104 1103 1129 1130)
4(1103 43 69 1129)
4(981 980 1006 1007)
4(1069 1006 980 1043)
4(1043 1042 1068 1069)
4(1131 1068 1042 1105)
4(1105 1104 1130 1131)
4(1104 44 70 1130)
4(1044 1043 1069 1070)
4(1132 1069 1043 1106)
4(1106 1105 1131 1132)
4(1105 45 71 1131)
4(1107 1106 1132 1133)
4(1106 46 72 1132)
4(251 188 162 225)
4(188 125 99 162)
4(314 251 225 288)
4(377 314 288 351)
4(440 377 351 414)
4(503 440 414 477)
4(566 503 477 540)
4(629 566 540 603)
4(692 629 603 666)
4(755 692 666 729)
4(818 755 729 792)
4(881 818 792 855)
4(944 881 855 918)
4(1007 944 918 981)
4(1070 1007 981 1044)
4(1133 1070 1044 1107)
4(1107 47 73 1133)
3(0 6 1)
4(1 6 7 2)
4(2 7 8 3)
4(3 8 9 4)
4(4 9 10 5)
4(5 10 48 22)
4(22 48 49 23)
4(23 49 50 24)
4(24 50 51 25)
4(25 51 52 26)
4(26 52 53 27)
4(27 53 54 28)
4(28 54 55 29)
4(29 55 56 30)
4(30 56 57 31)
4(31 57 58 32)
4(32 58 59 33)
4(33 59 60 34)
4(34 60 61 35)
4(35 61 62 36)
4(36 62 63 37)
4(37 63 64 38)
4(38 64 65 39)
4(39 65 66 40)
4(40 66 67 41)
4(41 67 68 42)
4(42 68 69 43)
4(43 69 70 44)
4(44 70 71 45)
4(45 71 72 46)
4(46 72 73 47)
3(11 12 17)
4(12 13 18 17)
4(13 14 19 18)
4(14 15 20 19)
4(15 16 21 20)
4(16 74 100 21)
4(74 75 101 100)
4(75 76 102 101)
4(76 77 103 102)
4(77 78 104 103)
4(78 79 105 104)
4(79 80 106 105)
4(80 81 107 106)
4(81 82 108 107)
4(82 83 109 108)
4(83 84 110 109)
4(84 85 111 110)
4(85 86 112 111)
4(86 87 113 112)
4(87 88 114 113)
4(88 89 115 114)
4(89 90 116 115)
4(90 91 117 116)
4(91 92 118 117)
4(92 93 119 118)
4(93 94 120 119)
4(94 95 121 120)
4(95 96 122 121)
4(96 97 123 122)
4(97 98 124 123)
4(98 99 125 124)
4(190 127 126 189)
4(191 128 127 190)
4(192 129 128 191)
4(193 130 129 192)
4(194 131 130 193)
4(200 137 131 194)
4(201 138 137 200)
4(202 139 138 201)
4(203 140 139 202)
4(204 141 140 203)
4(205 142 141 204)
4(206 143 142 205)
4(207 144 143 206)
4(208 145 144 207)
4(209 146 145 208)
4(210 147 146 209)
4(211 148 147 210)
4(212 149 148 211)
4(213 150 149 212)
4(214 151 150 213)
4(215 152 151 214)
4(216 153 152 215)
4(217 154 153 216)
4(218 155 154 217)
4(219 156 155 218)
4(220 157 156 219)
4(221 158 157 220)
4(222 159 158 221)
4(223 160 159 222)
4(224 161 160 223)
4(225 162 161 224)
4(127 12 11 126)
4(128 13 12 127)
4(129 14 13 128)
4(130 15 14 129)
4(131 16 15 130)
4(137 74 16 131)
4(138 75 74 137)
4(139 76 75 138)
4(140 77 76 139)
4(141 78 77 140)
4(142 79 78 141)
4(143 80 79 142)
4(144 81 80 143)
4(145 82 81 144)
4(146 83 82 145)
4(147 84 83 146)
4(148 85 84 147)
4(149 86 85 148)
4(150 87 86 149)
4(151 88 87 150)
4(152 89 88 151)
4(153 90 89 152)
4(154 91 90 153)
4(155 92 91 154)
4(156 93 92 155)
4(157 94 93 156)
4(158 95 94 157)
4(159 96 95 158)
4(160 97 96 159)
4(161 98 97 160)
4(162 99 98 161)
4(253 190 189 252)
4(254 191 190 253)
4(255 192 191 254)
4(256 193 192 255)
4(257 194 193 256)
4(263 200 194 257)
4(264 201 200 263)
4(265 202 201 264)
4(266 203 202 265)
4(267 204 203 266)
4(268 205 204 267)
4(269 206 205 268)
4(270 207 206 269)
4(271 208 207 270)
4(272 209 208 271)
4(273 210 209 272)
4(274 211 210 273)
4(275 212 211 274)
4(276 213 212 275)
4(277 214 213 276)
4(278 215 214 277)
4(279 216 215 278)
4(280 217 216 279)
4(281 218 217 280)
4(282 219 218 281)
4(283 220 219 282)
4(284 221 220 283)
4(285 222 221 284)
4(286 223 222 285)
4(287 224 223 286)
4(288 225 224 287)
4(316 253 252 315)
4(317 254 253 316)
4(318 255 254 317)
4(319 256 255 318)
4(320 257 256 319)
4(326 263 257 320)
4(327 264 263 326)
4(328 265 264 327)
4(329 266 265 328)
4(330 267 266 329)
4(331 268 267 330)
4(332 269 268 331)
4(333 270 269 332)
4(334 271 270 333)
4(335 272 271 334)
4(336 273 272 335)
4(337 274 273 336)
4(338 275 274 337)
4(339 276 275 338)
4(340 277 276 339)
4(341 278 277 340)
4(342 279 278 341)
4(343 280 279 342)
4(344 281 280 343)
4(345 282 281 344)
4(346 283 282 345)
4(347 284 283 346)
4(348 285 284 347)
4(349 286 285 348)
4(350 287 286 349)
4(351 288 287 350)
4(396 333 332 395)
4(397 334 333 396)
4(398 335 334 397)
4(399 336 335 398)
4(400 337 336 399)
4(401 338 337 400)
4(402 339 338 401)
4(403 340 339 402)
4(404 341 340 403)
4(405 342 341 404)
4(406 343 342 405)
4(407 344 343 406)
4(408 345 344 407)
4(409 346 345 408)
4(410 347 346 409)
4(411 348 347 410)
4(412 349 348 411)
4(413 350 349 412)
4(414 351 350 413)
4(379 316 315 378)
4(380 317 316 379)
4(381 318 317 380)
4(382 319 318 381)
4(383 320 319 382)
4(389 326 320 383)
4(390 327 326 389)
4(391 328 327 390)
4(392 329 328 391)
4(393 330 329 392)
4(394 331 330 393)
4(395 332 331 394)
4(459 396 395 458)
4(460 397 396 459)
4(461 398 397 460)
4(462 399 398 461)
4(463 400 399 462)
4(464 401 400 463)
4(465 402 401 464)
4(466 403 402 465)
4(467 404 403 466)
4(468 405 404 467)
4(469 406 405 468)
4(470 407 406 469)
4(471 408 407 470)
4(472 409 408 471)
4(473 410 409 472)
4(474 411 410 473)
4(475 412 411 474)
4(476 413 412 475)
4(477 414 413 476)
4(442 379 378 441)
4(443 380 379 442)
4(444 381 380 443)
4(445 382 381 444)
4(446 383 382 445)
4(452 389 383 446)
4(453 390 389 452)
4(454 391 390 453)
4(455 392 391 454)
4(456 393 392 455)
4(457 394 393 456)
4(458 395 394 457)
4(522 459 458 521)
4(523 460 459 522)
4(524 461 460 523)
4(525 462 461 524)
4(526 463 462 525)
4(527 464 463 526)
4(528 465 464 527)
4(529 466 465 528)
4(530 467 466 529)
4(531 468 467 530)
4(532 469 468 531)
4(533 470 469 532)
4(534 471 470 533)
4(535 472 471 534)
4(536 473 472 535)
4(537 474 473 536)
4(538 475 474 537)
4(539 476 475 538)
4(540 477 476 539)
4(505 442 441 504)
4(506 443 442 505)
4(507 444 443 506)
4(508 445 444 507)
4(509 446 445 508)
4(515 452 446 509)
4(516 453 452 515)
4(517 454 453 516)
4(518 455 454 517)
4(519 456 455 518)
4(520 457 456 519)
4(521 458 457 520)
4(585 522 521 584)
4(586 523 522 585)
4(587 524 523 586)
4(588 525 524 587)
4(589 526 525 588)
4(590 527 526 589)
4(591 528 527 590)
4(592 529 528 591)
4(593 530 529 592)
4(594 531 530 593)
4(595 532 531 594)
4(596 533 532 595)
4(597 534 533 596)
4(598 535 534 597)
4(599 536 535 598)
4(600 537 536 599)
4(601 538 537 600)
4(602 539 538 601)
4(603 540 539 602)
4(568 505 504 567)
4(569 506 505 568)
4(570 507 506 569)
4(571 508 507 570)
4(572 509 508 571)
4(578 515 509 572)
4(579 516 515 578)
4(580 517 516 579)
4(581 518 517 580)
4(582 519 518 581)
4(583 520 519 582)
4(584 521 520 583)
4(641 578 572 635)
4(642 579 578 641)
4(643 580 579 642)
4(644 581 580 643)
4(645 582 581 644)
4(646 583 582 645)
4(647 584 583 646)
4(648 585 584 647)
4(649 586 585 648)
4(650 587 586 649)
4(651 588 587 650)
4(652 589 588 651)
4(653 590 589 652)
4(654 591 590 653)
4(655 592 591 654)
4(656 593 592 655)
4(657 594 593 656)
4(658 595 594 657)
4(659 596 595 658)
4(660 597 596 659)
4(661 598 597 660)
4(662 599 598 661)
4(663 600 599 662)
4(664 601 600 663)
4(665 602 601 664)
4(666 603 602 665)
4(631 568 567 630)
4(632 569 568 631)
4(633 570 569 632)
4(634 571 570 633)
4(635 572 571 634)
4(704 641 635 698)
4(705 642 641 704)
4(706 643 642 705)
4(707 644 643 706)
4(708 645 644 707)
4(709 646 645 708)
4(710 647 646 709)
4(711 648 647 710)
4(712 649 648 711)
4(713 650 649 712)
4(714 651 650 713)
4(715 652 651 714)
4(716 653 652 715)
4(717 654 653 716)
4(718 655 654 717)
4(719 656 655 718)
4(720 657 656 719)
4(721 658 657 720)
4(722 659 658 721)
4(723 660 659 722)
4(724 661 660 723)
4(725 662 661 724)
4(726 663 662 725)
4(727 664 663 726)
4(728 665 664 727)
4(729 666 665 728)
4(694 631 630 693)
4(695 632 631 694)
4(696 633 632 695)
4(697 634 633 696)
4(698 635 634 697)
4(767 704 698 761)
4(768 705 704 767)
4(769 706 705 768)
4(770 707 706 769)
4(771 708 707 770)
4(772 709 708 771)
4(773 710 709 772)
4(774 711 710 773)
4(775 712 711 774)
4(776 713 712 775)
4(777 714 713 776)
4(778 715 714 777)
4(779 716 715 778)
4(780 717 716 779)
4(781 718 717 780)
4(782 719 718 781)
4(783 720 719 782)
4(784 721 720 783)
4(785 722 721 784)
4(786 723 722 785)
4(787 724 723 786)
4(788 725 724 787)
4(789 726 725 788)
4(790 727 726 789)
4(791 728 727 790)
4(792 729 728 791)
4(757 694 693 756)
4(758 695 694 757)
4(759 696 695 758)
4(760 697 696 759)
4(761 698 697 760)
4(831 768 767 830)
4(832 769 768 831)
4(833 770 769 832)
4(834 771 770 833)
4(835 772 771 834)
4(836 773 772 835)
4(837 774 773 836)
4(838 775 774 837)
4(839 776 775 838)
4(840 777 776 839)
4(841 778 777 840)
4(842 779 778 841)
4(843 780 779 842)
4(844 781 780 843)
4(845 782 781 844)
4(846 783 782 845)
4(847 784 783 846)
4(848 785 784 847)
4(849 786 785 848)
4(850 787 786 849)
4(851 788 787 850)
4(852 789 788 851)
4(853 790 789 852)
4(854 791 790 853)
4(855 792 791 854)
4(820 757 756 819)
4(821 758 757 820)
4(822 759 758 821)
4(823 760 759 822)
4(824 761 760 823)
4(830 767 761 824)
4(894 831 830 893)
4(895 832 831 894)
4(896 833 832 895)
4(897 834 833 896)
4(898 835 834 897)
4(899 836 835 898)
4(900 837 836 899)
4(901 838 837 900)
4(902 839 838 901)
4(903 840 839 902)
4(904 841 840 903)
4(905 842 841 904)
4(906 843 842 905)
4(907 844 843 906)
4(908 845 844 907)
4(909 846 845 908)
4(910 847 846 909)
4(911 848 847 910)
4(912 849 848 911)
4(913 850 849 912)
4(914 851 850 913)
4(915 852 851 914)
4(916 853 852 915)
4(917 854 853 916)
4(918 855 854 917)
4(883 820 819 882)
4(884 821 820 883)
4(885 822 821 884)
4(886 823 822 885)
4(887 824 823 886)
4(893 830 824 887)
4(957 894 893 956)
4(958 895 894 957)
4(959 896 895 958)
4(960 897 896 959)
4(961 898 897 960)
4(962 899 898 961)
4(963 900 899 962)
4(964 901 900 963)
4(965 902 901 964)
4(966 903 902 965)
4(967 904 903 966)
4(968 905 904 967)
4(969 906 905 968)
4(970 907 906 969)
4(971 908 907 970)
4(972 909 908 971)
4(973 910 909 972)
4(974 911 910 973)
4(975 912 911 974)
4(976 913 912 975)
4(977 914 913 976)
4(978 915 914 977)
4(979 916 915 978)
4(980 917 916 979)
4(981 918 917 980)
4(946 883 882 945)
4(947 884 883 946)
4(948 885 884 947)
4(949 886 885 948)
4(950 887 886 949)
4(956 893 887 950)
4(1020 957 956 1019)
4(1021 958 957 1020)
4(1022 959 958 1021)
4(1023 960 959 1022)
4(1024 961 960 1023)
4(1025 962 961 1024)
4(1026 963 962 1025)
4(1027 964 963 1026)
4(1028 965 964 1027)
4(1029 966 965 1028)
4(1030 967 966 1029)
4(1031 968 967 1030)
4(1032 969 968 1031)
4(1033 970 969 1032)
4(1034 971 970 1033)
4(1035 972 971 1034)
4(1036 973 972 1035)
4(1037 974 973 1036)
4(1038 975 974 1037)
4(1039 976 975 1038)
4(1040 977 976 1039)
4(1041 978 977 1040)
4(1042 979 978 1041)
4(1043 980 979 1042)
4(1044 981 980 1043)
4(1009 946 945 1008)
4(1010 947 946 1009)
4(1011 948 947 1010)
4(1012 949 948 1011)
4(1013 950 949 1012)
4(1019 956 950 1013)
4(1096 1033 1032 1095)
4(1097 1034 1033 1096)
4(1098 1035 1034 1097)
4(1099 1036 1035 1098)
4(1100 1037 1036 1099)
4(1101 1038 1037 1100)
4(1102 1039 1038 1101)
4(1103 1040 1039 1102)
4(1104 1041 1040 1103)
4(1105 1042 1041 1104)
4(1106 1043 1042 1105)
4(1107 1044 1043 1106)
4(1072 1009 1008 1071)
4(1073 1010 1009 1072)
4(1074 1011 1010 1073)
4(1075 1012 1011 1074)
4(1076 1013 1012 1075)
4(1082 1019 1013 1076)
4(1083 1020 1019 1082)
4(1084 1021 1020 1083)
4(1085 1022 1021 1084)
4(1086 1023 1022 1085)
4(1087 1024 1023 1086)
4(1088 1025 1024 1087)
4(1089 1026 1025 1088)
4(1090 1027 1026 1089)
4(1091 1028 1027 1090)
4(1092 1029 1028 1091)
4(1093 1030 1029 1092)
4(1094 1031 1030 1093)
4(1095 1032 1031 1094)
4(1095 35 36 1096)
4(1096 36 37 1097)
4(1097 37 38 1098)
4(1098 38 39 1099)
4(1099 39 40 1100)
4(1100 40 41 1101)
4(1101 41 42 1102)
4(1102 42 43 1103)
4(1103 43 44 1104)
4(1104 44 45 1105)
4(1105 45 46 1106)
4(1106 46 47 1107)
4(1071 0 1 1072)
4(1072 1 2 1073)
4(1073 2 3 1074)
4(1074 3 4 1075)
4(1075 4 5 1076)
4(1076 5 22 1082)
4(1082 22 23 1083)
4(1083 23 24 1084)
4(1084 24 25 1085)
4(1085 25 26 1086)
4(1086 26 27 1087)
4(1087 27 28 1088)
4(1088 28 29 1089)
4(1089 29 30 1090)
4(1090 30 31 1091)
4(1091 31 32 1092)
4(1092 32 33 1093)
4(1093 33 34 1094)
4(1094 34 35 1095)
4(189 126 132 195)
4(195 132 133 196)
4(196 133 134 197)
4(197 134 135 198)
4(198 135 136 199)
4(199 136 163 226)
4(226 163 164 227)
4(227 164 165 228)
4(228 165 166 229)
4(229 166 167 230)
4(230 167 168 231)
4(231 168 169 232)
4(232 169 170 233)
4(233 170 171 234)
4(234 171 172 235)
4(235 172 173 236)
4(236 173 174 237)
4(237 174 175 238)
4(238 175 176 239)
4(239 176 177 240)
4(240 177 178 241)
4(241 178 179 242)
4(242 179 180 243)
4(243 180 181 244)
4(244 181 182 245)
4(245 182 183 246)
4(246 183 184 247)
4(247 184 185 248)
4(248 185 186 249)
4(249 186 187 250)
4(250 187 188 251)
4(135 20 21 136)
4(136 21 100 163)
4(163 100 101 164)
4(164 101 102 165)
4(165 102 103 166)
4(166 103 104 167)
4(167 104 105 168)
4(168 105 106 169)
4(169 106 107 170)
4(170 107 108 171)
4(171 108 109 172)
4(172 109 110 173)
4(173 110 111 174)
4(174 111 112 175)
4(175 112 113 176)
4(176 113 114 177)
4(177 114 115 178)
4(178 115 116 179)
4(179 116 117 180)
4(180 117 118 181)
4(181 118 119 182)
4(182 119 120 183)
4(183 120 121 184)
4(184 121 122 185)
4(185 122 123 186)
4(186 123 124 187)
4(187 124 125 188)
4(126 11 17 132)
4(132 17 18 133)
4(133 18 19 134)
4(134 19 20 135)
4(252 189 195 258)
4(258 195 196 259)
4(259 196 197 260)
4(260 197 198 261)
4(261 198 199 262)
4(262 199 226 289)
4(289 226 227 290)
4(290 227 228 291)
4(291 228 229 292)
4(292 229 230 293)
4(293 230 231 294)
4(294 231 232 295)
4(295 232 233 296)
4(296 233 234 297)
4(297 234 235 298)
4(298 235 236 299)
4(299 236 237 300)
4(300 237 238 301)
4(301 238 239 302)
4(302 239 240 303)
4(303 240 241 304)
4(304 241 242 305)
4(305 242 243 306)
4(306 243 244 307)
4(307 244 245 308)
4(308 245 246 309)
4(309 246 247 310)
4(310 247 248 311)
4(311 248 249 312)
4(312 249 250 313)
4(313 250 251 314)
4(358 295 296 359)
4(359 296 297 360)
4(360 297 298 361)
4(361 298 299 362)
4(362 299 300 363)
4(363 300 301 364)
4(364 301 302 365)
4(365 302 303 366)
4(366 303 304 367)
4(367 304 305 368)
4(368 305 306 369)
4(369 306 307 370)
4(370 307 308 371)
4(371 308 309 372)
4(372 309 310 373)
4(373 310 311 374)
4(374 311 312 375)
4(375 312 313 376)
4(376 313 314 377)
4(315 252 258 321)
4(321 258 259 322)
4(322 259 260 323)
4(323 260 261 324)
4(324 261 262 325)
4(325 262 289 352)
4(352 289 290 353)
4(353 290 291 354)
4(354 291 292 355)
4(355 292 293 356)
4(356 293 294 357)
4(357 294 295 358)
4(437 374 375 438)
4(438 375 376 439)
4(439 376 377 440)
4(378 315 321 384)
4(384 321 322 385)
4(385 322 323 386)
4(386 323 324 387)
4(387 324 325 388)
4(388 325 352 415)
4(415 352 353 416)
4(416 353 354 417)
4(417 354 355 418)
4(418 355 356 419)
4(419 356 357 420)
4(420 357 358 421)
4(421 358 359 422)
4(422 359 360 423)
4(423 360 361 424)
4(424 361 362 425)
4(425 362 363 426)
4(426 363 364 427)
4(427 364 365 428)
4(428 365 366 429)
4(429 366 367 430)
4(430 367 368 431)
4(431 368 369 432)
4(432 369 370 433)
4(433 370 371 434)
4(434 371 372 435)
4(435 372 373 436)
4(436 373 374 437)
4(489 426 427 490)
4(490 427 428 491)
4(491 428 429 492)
4(492 429 430 493)
4(493 430 431 494)
4(494 431 432 495)
4(495 432 433 496)
4(496 433 434 497)
4(497 434 435 498)
4(498 435 436 499)
4(499 436 437 500)
4(500 437 438 501)
4(501 438 439 502)
4(502 439 440 503)
4(441 378 384 447)
4(447 384 385 448)
4(448 385 386 449)
4(449 386 387 450)
4(450 387 388 451)
4(451 388 415 478)
4(478 415 416 479)
4(479 416 417 480)
4(480 417 418 481)
4(481 418 419 482)
4(482 419 420 483)
4(483 420 421 484)
4(484 421 422 485)
4(485 422 423 486)
4(486 423 424 487)
4(487 424 425 488)
4(488 425 426 489)
4(545 482 483 546)
4(546 483 484 547)
4(547 484 485 548)
4(548 485 486 549)
4(549 486 487 550)
4(550 487 488 551)
4(551 488 489 552)
4(552 489 490 553)
4(553 490 491 554)
4(554 491 492 555)
4(555 492 493 556)
4(556 493 494 557)
4(557 494 495 558)
4(558 495 496 559)
4(559 496 497 560)
4(560 497 498 561)
4(561 498 499 562)
4(562 499 500 563)
4(563 500 501 564)
4(564 501 502 565)
4(565 502 503 566)
4(504 441 447 510)
4(510 447 448 511)
4(511 448 449 512)
4(512 449 450 513)
4(513 450 451 514)
4(514 451 478 541)
4(541 478 479 542)
4(542 479 480 543)
4(543 480 481 544)
4(544 481 482 545)
4(605 542 543 606)
4(606 543 544 607)
4(607 544 545 608)
4(608 545 546 609)
4(609 546 547 610)
4(610 547 548 611)
4(611 548 549 612)
4(612 549 550 613)
4(613 550 551 614)
4(614 551 552 615)
4(615 552 553 616)
4(616 553 554 617)
4(617 554 555 618)
4(618 555 556 619)
4(619 556 557 620)
4(620 557 558 621)
4(621 558 559 622)
4(622 559 560 623)
4(623 560 561 624)
4(624 561 562 625)
4(625 562 563 626)
4(626 563 564 627)
4(627 564 565 628)
4(628 565 566 629)
4(567 504 510 573)
4(573 510 511 574)
4(574 511 512 575)
4(575 512 513 576)
4(576 513 514 577)
4(577 514 541 604)
4(604 541 542 605)
4(668 605 606 669)
4(669 606 607 670)
4(670 607 608 671)
4(671 608 609 672)
4(672 609 610 673)
4(673 610 611 674)
4(674 611 612 675)
4(675 612 613 676)
4(676 613 614 677)
4(677 614 615 678)
4(678 615 616 679)
4(679 616 617 680)
4(680 617 618 681)
4(681 618 619 682)
4(682 619 620 683)
4(683 620 621 684)
4(684 621 622 685)
4(685 622 623 686)
4(686 623 624 687)
4(687 624 625 688)
4(688 625 626 689)
4(689 626 627 690)
4(690 627 628 691)
4(691 628 629 692)
4(630 567 573 636)
4(636 573 574 637)
4(637 574 575 638)
4(638 575 576 639)
4(639 576 577 640)
4(640 577 604 667)
4(667 604 605 668)
4(731 668 669 732)
4(732 669 670 733)
4(733 670 671 734)
4(734 671 672 735)
4(735 672 673 736)
4(736 673 674 737)
4(737 674 675 738)
4(738 675 676 739)
4(739 676 677 740)
4(740 677 678 741)
4(741 678 679 742)
4(742 679 680 743)
4(743 680 681 744)
4(744 681 682 745)
4(745 682 683 746)
4(746 683 684 747)
4(747 684 685 748)
4(748 685 686 749)
4(749 686 687 750)
4(750 687 688 751)
4(751 688 689 752)
4(752 689 690 753)
4(753 690 691 754)
4(754 691 692 755)
4(693 630 636 699)
4(699 636 637 700)
4(700 637 638 701)
4(701 638 639 702)
4(702 639 640 703)
4(703 640 667 730)
4(730 667 668 731)
4(794 731 732 795)
4(795 732 733 796)
4(796 733 734 797)
4(797 734 735 798)
4(798 735 736 799)
4(799 736 737 800)
4(800 737 738 801)
4(801 738 739 802)
4(802 739 740 803)
4(803 740 741 804)
4(804 741 742 805)
4(805 742 743 806)
4(806 743 744 807)
4(807 744 745 808)
4(808 745 746 809)
4(809 746 747 810)
4(810 747 748 811)
4(811 748 749 812)
4(812 749 750 813)
4(813 750 751 814)
4(814 751 752 815)
4(815 752 753 816)
4(816 753 754 817)
4(817 754 755 818)
4(756 693 699 762)
4(762 699 700 763)
4(763 700 701 764)
4(764 701 702 765)
4(765 702 703 766)
4(766 703 730 793)
4(793 730 731 794)
4(857 794 795 858)
4(858 795 796 859)
4(859 796 797 860)
4(860 797 798 861)
4(861 798 799 862)
4(862 799 800 863)
4(863 800 801 864)
4(864 801 802 865)
4(865 802 803 866)
4(866 803 804 867)
4(867 804 805 868)
4(868 805 806 869)
4(869 806 807 870)
4(870 807 808 871)
4(871 808 809 872)
4(872 809 810 873)
4(873 810 811 874)
4(874 811 812 875)
4(875 812 813 876)
4(876 813 814 877)
4(877 814 815 878)
4(878 815 816 879)
4(879 816 817 880)
4(880 817 818 881)
4(819 756 762 825)
4(825 762 763 826)
4(826 763 764 827)
4(827 764 765 828)
4(828 765 766 829)
4(829 766 793 856)
4(856 793 794 857)
4(920 857 858 921)
4(921 858 859 922)
4(922 859 860 923)
4(923 860 861 924)
4(924 861 862 925)
4(925 862 863 926)
4(926 863 864 927)
4(927 864 865 928)
4(928 865 866 929)
4(929 866 867 930)
4(930 867 868 931)
4(931 868 869 932)
4(932 869 870 933)
4(933 870 871 934)
4(934 871 872 935)
4(935 872 873 936)
4(936 873 874 937)
4(937 874 875 938)
4(938 875 876 939)
4(939 876 877 940)
4(940 877 878 941)
4(941 878 879 942)
4(942 879 880 943)
4(943 880 881 944)
4(882 819 825 888)
4(888 825 826 889)
4(889 826 827 890)
4(890 827 828 891)
4(891 828 829 892)
4(892 829 856 919)
4(919 856 857 920)
4(983 920 921 984)
4(984 921 922 985)
4(985 922 923 986)
4(986 923 924 987)
4(987 924 925 988)
4(988 925 926 989)
4(989 926 927 990)
4(990 927 928 991)
4(991 928 929 992)
4(992 929 930 993)
4(993 930 931 994)
4(994 931 932 995)
4(995 932 933 996)
4(996 933 934 997)
4(997 934 935 998)
4(998 935 936 999)
4(999 936 937 1000)
4(1000 937 938 1001)
4(1001 938 939 1002)
4(1002 939 940 1003)
4(1003 940 941 1004)
4(1004 941 942 1005)
4(1005 942 943 1006)
4(1006 943 944 1007)
4(945 882 888 951)
4(951 888 889 952)
4(952 889 890 953)
4(953 890 891 954)
4(954 891 892 955)
4(955 892 919 982)
4(982 919 920 983)
4(1046 983 984 1047)
4(1047 984 985 1048)
4(1048 985 986 1049)
4(1049 986 987 1050)
4(1050 987 988 1051)
4(1051 988 989 1052)
4(1052 989 990 1053)
4(1053 990 991 1054)
4(1054 991 992 1055)
4(1055 992 993 1056)
4(1056 993 994 1057)
4(1057 994 995 1058)
4(1058 995 996 1059)
4(1059 996 997 1060)
4(1060 997 998 1061)
4(1061 998 999 1062)
4(1062 999 1000 1063)
4(1063 1000 1001 1064)
4(1064 1001 1002 1065)
4(1065 1002 1003 1066)
4(1066 1003 1004 1067)
4(1067 1004 1005 1068)
4(1068 1005 1006 1069)
4(1069 1006 1007 1070)
4(1008 945 951 1014)
4(1014 951 952 1015)
4(1015 952 953 1016)
4(1016 953 954 1017)
4(1017 954 955 1018)
4(1018 955 982 1045)
4(1045 982 983 1046)
4(1109 1046 1047 1110)
4(1110 1047 1048 1111)
4(1111 1048 1049 1112)
4(1112 1049 1050 1113)
4(1113 1050 1051 1114)
4(1114 1051 1052 1115)
4(1115 1052 1053 1116)
4(1116 1053 1054 1117)
4(1117 1054 1055 1118)
4(1118 1055 1056 1119)
4(1119 1056 1057 1120)
4(1120 1057 1058 1121)
4(1121 1058 1059 1122)
4(1122 1059 1060 1123)
4(1123 1060 1061 1124)
4(1124 1061 1062 1125)
4(1125 1062 1063 1126)
4(1126 1063 1064 1127)
4(1127 1064 1065 1128)
4(1128 1065 1066 1129)
4(1129 1066 1067 1130)
4(1130 1067 1068 1131)
4(1131 1068 1069 1132)
4(1132 1069 1070 1133)
4(1071 1008 1014 1077)
4(1077 1014 1015 1078)
4(1078 1015 1016 1079)
4(1079 1016 1017 1080)
4(1080 1017 1018 1081)
4(1081 1018 1045 1108)
4(1108 1045 1046 1109)
4(1110 50 49 1109)
4(1111 51 50 1110)
4(1112 52 51 1111)
4(1113 53 52 1112)
4(1114 54 53 1113)
4(1115 55 54 1114)
4(1116 56 55 1115)
4(1117 57 56 1116)
4(1118 58 57 1117)
4(1119 59 58 1118)
4(1120 60 59 1119)
4(1121 61 60 1120)
4(1122 62 61 1121)
4(1123 63 62 1122)
4(1124 64 63 1123)
4(1125 65 64 1124)
4(1126 66 65 1125)
4(1127 67 66 1126)
4(1128 68 67 1127)
4(1129 69 68 1128)
4(1130 70 69 1129)
4(1131 71 70 1130)
4(1132 72 71 1131)
4(1133 73 72 1132)
4(1077 6 0 1071)
4(1078 7 6 1077)
4(1079 8 7 1078)
4(1080 9 8 1079)
4(1081 10 9 1080)
4(1108 48 10 1081)
4(1109 49 48 1108)
)


// ************************************************************************* //
