/*--------------------------------*- C++ -*----------------------------------*\
| =========                 |                                                 |
| \\      /  F ield         | OpenFOAM: The Open Source CFD Toolbox           |
|  \\    /   O peration     | Version:  2.3.x                                 |
|   \\  /    A nd           | Web:      www.OpenFOAM.org                      |
|    \\/     M anipulation  |                                                 |
\*---------------------------------------------------------------------------*/
FoamFile
{
    version     2.0;
    format      ascii;
    class       faceList;
    location    "constant/polyMesh";
    object      faces;
}
// * * * * * * * * * * * * * * * * * * * * * * * * * * * * * * * * * * * * * //


3288
(
4(1 6 17 12)
3(11 12 17)
4(2 7 18 13)
4(12 13 18 17)
4(1365 1360 12 17)
3(1360 1365 1359)
4(3 8 19 14)
4(13 14 19 18)
4(1361 13 18 1366)
4(1361 1366 1365 1360)
4(1360 1365 1302 1297)
3(1297 1302 1296)
4(4 9 20 15)
4(14 15 20 19)
4(1362 14 19 1367)
4(1362 1367 1366 1361)
4(1366 1303 1298 1361)
4(1303 1302 1297 1298)
4(1302 28 23 1297)
3(22 23 28)
4(5 10 21 16)
4(15 16 21 20)
4(1363 15 20 1368)
4(1363 1368 1367 1362)
4(1367 1304 1299 1362)
4(1304 1303 1298 1299)
4(1303 29 24 1298)
4(23 24 29 28)
4(23 28 39 34)
3(33 34 39)
4(209 235 287 261)
4(16 261 287 21)
4(1364 16 21 1369)
4(1364 1369 1368 1363)
4(1368 1305 1300 1363)
4(1305 1304 1299 1300)
4(1304 30 25 1299)
4(24 25 30 29)
4(24 29 40 35)
4(34 35 40 39)
4(34 39 50 45)
3(44 45 50)
4(210 236 288 262)
4(261 262 288 287)
4(1370 261 287 1396)
4(1370 1396 1369 1364)
4(1369 1306 1301 1364)
4(1306 1305 1300 1301)
4(1305 31 26 1300)
4(25 26 31 30)
4(25 30 41 36)
4(35 36 41 40)
4(35 40 51 46)
4(45 46 51 50)
4(45 50 61 56)
3(55 56 61)
4(211 237 289 263)
4(262 263 289 288)
4(1371 262 288 1397)
4(1371 1397 1396 1370)
4(1396 1333 1307 1370)
4(1333 1306 1301 1307)
4(1306 32 27 1301)
4(26 27 32 31)
4(26 31 42 37)
4(36 37 42 41)
4(36 41 52 47)
4(46 47 52 51)
4(46 51 62 57)
4(56 57 62 61)
4(56 61 72 67)
3(66 67 72)
4(212 238 290 264)
4(263 264 290 289)
4(1372 263 289 1398)
4(1372 1398 1397 1371)
4(1397 1334 1308 1371)
4(1334 1333 1307 1308)
4(1333 339 313 1307)
4(27 313 339 32)
4(27 32 43 38)
4(37 38 43 42)
4(37 42 53 48)
4(47 48 53 52)
4(47 52 63 58)
4(57 58 63 62)
4(57 62 73 68)
4(67 68 73 72)
4(67 72 83 78)
3(77 78 83)
4(213 239 291 265)
4(264 265 291 290)
4(1373 264 290 1399)
4(1373 1399 1398 1372)
4(1398 1335 1309 1372)
4(1335 1334 1308 1309)
4(1334 340 314 1308)
4(313 314 340 339)
4(313 339 391 365)
4(38 365 391 43)
4(38 43 54 49)
4(48 49 54 53)
4(48 53 64 59)
4(58 59 64 63)
4(58 63 74 69)
4(68 69 74 73)
4(68 73 84 79)
4(78 79 84 83)
4(78 83 94 89)
3(88 89 94)
4(214 240 292 266)
4(265 266 292 291)
4(1374 265 291 1400)
4(1374 1400 1399 1373)
4(1399 1336 1310 1373)
4(1336 1335 1309 1310)
4(1335 341 315 1309)
4(314 315 341 340)
4(314 340 392 366)
4(365 366 392 391)
4(365 391 443 417)
4(49 417 443 54)
4(49 54 65 60)
4(59 60 65 64)
4(59 64 75 70)
4(69 70 75 74)
4(69 74 85 80)
4(79 80 85 84)
4(79 84 95 90)
4(89 90 95 94)
4(89 94 105 100)
3(99 100 105)
4(215 241 293 267)
4(266 267 293 292)
4(1375 266 292 1401)
4(1375 1401 1400 1374)
4(1400 1337 1311 1374)
4(1337 1336 1310 1311)
4(1336 342 316 1310)
4(315 316 342 341)
4(315 341 393 367)
4(366 367 393 392)
4(366 392 444 418)
4(417 418 444 443)
4(417 443 495 469)
4(60 469 495 65)
4(60 65 76 71)
4(70 71 76 75)
4(70 75 86 81)
4(80 81 86 85)
4(80 85 96 91)
4(90 91 96 95)
4(90 95 106 101)
4(100 101 106 105)
4(100 105 116 111)
3(110 111 116)
4(216 242 294 268)
4(267 268 294 293)
4(1376 267 293 1402)
4(1376 1402 1401 1375)
4(1401 1338 1312 1375)
4(1338 1337 1311 1312)
4(1337 343 317 1311)
4(316 317 343 342)
4(316 342 394 368)
4(367 368 394 393)
4(367 393 445 419)
4(418 419 445 444)
4(418 444 496 470)
4(469 470 496 495)
4(469 495 547 521)
4(71 521 547 76)
4(71 76 87 82)
4(81 82 87 86)
4(81 86 97 92)
4(91 92 97 96)
4(91 96 107 102)
4(101 102 107 106)
4(101 106 117 112)
4(111 112 117 116)
4(111 116 127 122)
3(121 122 127)
4(217 243 295 269)
4(268 269 295 294)
4(1377 268 294 1403)
4(1377 1403 1402 1376)
4(1402 1339 1313 1376)
4(1339 1338 1312 1313)
4(1338 344 318 1312)
4(317 318 344 343)
4(317 343 395 369)
4(368 369 395 394)
4(368 394 446 420)
4(419 420 446 445)
4(419 445 497 471)
4(470 471 497 496)
4(470 496 548 522)
4(521 522 548 547)
4(521 547 599 573)
4(82 573 599 87)
4(82 87 98 93)
4(92 93 98 97)
4(92 97 108 103)
4(102 103 108 107)
4(102 107 118 113)
4(112 113 118 117)
4(112 117 128 123)
4(122 123 128 127)
4(122 127 138 133)
3(132 133 138)
4(218 244 296 270)
4(269 270 296 295)
4(1378 269 295 1404)
4(1378 1404 1403 1377)
4(1403 1340 1314 1377)
4(1340 1339 1313 1314)
4(1339 345 319 1313)
4(318 319 345 344)
4(318 344 396 370)
4(369 370 396 395)
4(369 395 447 421)
4(420 421 447 446)
4(420 446 498 472)
4(471 472 498 497)
4(471 497 549 523)
4(522 523 549 548)
4(522 548 600 574)
4(573 574 600 599)
4(573 599 651 625)
4(93 625 651 98)
4(93 98 109 104)
4(103 104 109 108)
4(103 108 119 114)
4(113 114 119 118)
4(113 118 129 124)
4(123 124 129 128)
4(123 128 139 134)
4(133 134 139 138)
4(133 138 149 144)
3(143 144 149)
4(219 245 297 271)
4(270 271 297 296)
4(1379 270 296 1405)
4(1379 1405 1404 1378)
4(1404 1341 1315 1378)
4(1341 1340 1314 1315)
4(1340 346 320 1314)
4(319 320 346 345)
4(319 345 397 371)
4(370 371 397 396)
4(370 396 448 422)
4(421 422 448 447)
4(421 447 499 473)
4(472 473 499 498)
4(472 498 550 524)
4(523 524 550 549)
4(523 549 601 575)
4(574 575 601 600)
4(574 600 652 626)
4(625 626 652 651)
4(625 651 703 677)
4(104 677 703 109)
4(104 109 120 115)
4(114 115 120 119)
4(114 119 130 125)
4(124 125 130 129)
4(124 129 140 135)
4(134 135 140 139)
4(134 139 150 145)
4(144 145 150 149)
4(144 149 160 155)
3(154 155 160)
4(220 246 298 272)
4(271 272 298 297)
4(1380 271 297 1406)
4(1380 1406 1405 1379)
4(1405 1342 1316 1379)
4(1342 1341 1315 1316)
4(1341 347 321 1315)
4(320 321 347 346)
4(320 346 398 372)
4(371 372 398 397)
4(371 397 449 423)
4(422 423 449 448)
4(422 448 500 474)
4(473 474 500 499)
4(473 499 551 525)
4(524 525 551 550)
4(524 550 602 576)
4(575 576 602 601)
4(575 601 653 627)
4(626 627 653 652)
4(626 652 704 678)
4(677 678 704 703)
4(677 703 755 729)
4(115 729 755 120)
4(115 120 131 126)
4(125 126 131 130)
4(125 130 141 136)
4(135 136 141 140)
4(135 140 151 146)
4(145 146 151 150)
4(145 150 161 156)
4(155 156 161 160)
4(155 160 171 166)
3(165 166 171)
4(221 247 299 273)
4(272 273 299 298)
4(1381 272 298 1407)
4(1381 1407 1406 1380)
4(1406 1343 1317 1380)
4(1343 1342 1316 1317)
4(1342 348 322 1316)
4(321 322 348 347)
4(321 347 399 373)
4(372 373 399 398)
4(372 398 450 424)
4(423 424 450 449)
4(423 449 501 475)
4(474 475 501 500)
4(474 500 552 526)
4(525 526 552 551)
4(525 551 603 577)
4(576 577 603 602)
4(576 602 654 628)
4(627 628 654 653)
4(627 653 705 679)
4(678 679 705 704)
4(678 704 756 730)
4(729 730 756 755)
4(729 755 807 781)
4(126 781 807 131)
4(126 131 142 137)
4(136 137 142 141)
4(136 141 152 147)
4(146 147 152 151)
4(146 151 162 157)
4(156 157 162 161)
4(156 161 172 167)
4(166 167 172 171)
4(166 171 182 177)
3(176 177 182)
4(222 248 300 274)
4(273 274 300 299)
4(1382 273 299 1408)
4(1382 1408 1407 1381)
4(1407 1344 1318 1381)
4(1344 1343 1317 1318)
4(1343 349 323 1317)
4(322 323 349 348)
4(322 348 400 374)
4(373 374 400 399)
4(373 399 451 425)
4(424 425 451 450)
4(424 450 502 476)
4(475 476 502 501)
4(475 501 553 527)
4(526 527 553 552)
4(526 552 604 578)
4(577 578 604 603)
4(577 603 655 629)
4(628 629 655 654)
4(628 654 706 680)
4(679 680 706 705)
4(679 705 757 731)
4(730 731 757 756)
4(730 756 808 782)
4(781 782 808 807)
4(781 807 859 833)
4(137 833 859 142)
4(137 142 153 148)
4(147 148 153 152)
4(147 152 163 158)
4(157 158 163 162)
4(157 162 173 168)
4(167 168 173 172)
4(167 172 183 178)
4(177 178 183 182)
4(177 182 193 188)
3(187 188 193)
4(223 249 301 275)
4(274 275 301 300)
4(1383 274 300 1409)
4(1383 1409 1408 1382)
4(1408 1345 1319 1382)
4(1345 1344 1318 1319)
4(1344 350 324 1318)
4(323 324 350 349)
4(323 349 401 375)
4(374 375 401 400)
4(374 400 452 426)
4(425 426 452 451)
4(425 451 503 477)
4(476 477 503 502)
4(476 502 554 528)
4(527 528 554 553)
4(527 553 605 579)
4(578 579 605 604)
4(578 604 656 630)
4(629 630 656 655)
4(629 655 707 681)
4(680 681 707 706)
4(680 706 758 732)
4(731 732 758 757)
4(731 757 809 783)
4(782 783 809 808)
4(782 808 860 834)
4(833 834 860 859)
4(833 859 911 885)
4(148 885 911 153)
4(148 153 164 159)
4(158 159 164 163)
4(158 163 174 169)
4(168 169 174 173)
4(168 173 184 179)
4(178 179 184 183)
4(178 183 194 189)
4(188 189 194 193)
4(188 193 204 199)
3(198 199 204)
4(224 250 302 276)
4(275 276 302 301)
4(1384 275 301 1410)
4(1384 1410 1409 1383)
4(1409 1346 1320 1383)
4(1346 1345 1319 1320)
4(1345 351 325 1319)
4(324 325 351 350)
4(324 350 402 376)
4(375 376 402 401)
4(375 401 453 427)
4(426 427 453 452)
4(426 452 504 478)
4(477 478 504 503)
4(477 503 555 529)
4(528 529 555 554)
4(528 554 606 580)
4(579 580 606 605)
4(579 605 657 631)
4(630 631 657 656)
4(630 656 708 682)
4(681 682 708 707)
4(681 707 759 733)
4(732 733 759 758)
4(732 758 810 784)
4(783 784 810 809)
4(783 809 861 835)
4(834 835 861 860)
4(834 860 912 886)
4(885 886 912 911)
4(885 911 963 937)
4(159 937 963 164)
4(159 164 175 170)
4(169 170 175 174)
4(169 174 185 180)
4(179 180 185 184)
4(179 184 195 190)
4(189 190 195 194)
4(189 194 205 200)
4(199 200 205 204)
4(199 204 1236 1231)
3(1230 1231 1236)
4(225 251 303 277)
4(276 277 303 302)
4(1385 276 302 1411)
4(1385 1411 1410 1384)
4(1410 1347 1321 1384)
4(1347 1346 1320 1321)
4(1346 352 326 1320)
4(325 326 352 351)
4(325 351 403 377)
4(376 377 403 402)
4(376 402 454 428)
4(427 428 454 453)
4(427 453 505 479)
4(478 479 505 504)
4(478 504 556 530)
4(529 530 556 555)
4(529 555 607 581)
4(580 581 607 606)
4(580 606 658 632)
4(631 632 658 657)
4(631 657 709 683)
4(682 683 709 708)
4(682 708 760 734)
4(733 734 760 759)
4(733 759 811 785)
4(784 785 811 810)
4(784 810 862 836)
4(835 836 862 861)
4(835 861 913 887)
4(886 887 913 912)
4(886 912 964 938)
4(937 938 964 963)
4(937 963 1015 989)
4(170 989 1015 175)
4(170 175 186 181)
4(180 181 186 185)
4(180 185 196 191)
4(190 191 196 195)
4(190 195 206 201)
4(200 201 206 205)
4(200 205 1237 1232)
4(1231 1232 1237 1236)
4(1231 1236 1247 1242)
3(1241 1242 1247)
4(226 252 304 278)
4(277 278 304 303)
4(1386 277 303 1412)
4(1386 1412 1411 1385)
4(1411 1348 1322 1385)
4(1348 1347 1321 1322)
4(1347 353 327 1321)
4(326 327 353 352)
4(326 352 404 378)
4(377 378 404 403)
4(377 403 455 429)
4(428 429 455 454)
4(428 454 506 480)
4(479 480 506 505)
4(479 505 557 531)
4(530 531 557 556)
4(530 556 608 582)
4(581 582 608 607)
4(581 607 659 633)
4(632 633 659 658)
4(632 658 710 684)
4(683 684 710 709)
4(683 709 761 735)
4(734 735 761 760)
4(734 760 812 786)
4(785 786 812 811)
4(785 811 863 837)
4(836 837 863 862)
4(836 862 914 888)
4(887 888 914 913)
4(887 913 965 939)
4(938 939 965 964)
4(938 964 1016 990)
4(989 990 1016 1015)
4(989 1015 1067 1041)
4(181 1041 1067 186)
4(181 186 197 192)
4(191 192 197 196)
4(191 196 207 202)
4(1423 206 201 1422)
4(1443 1423 1422 1442)
4(1442 202 207 1443)
4(201 206 1238 1233)
4(1232 1233 1238 1237)
4(1232 1237 1248 1243)
4(1242 1243 1248 1247)
4(1242 1247 1258 1253)
3(1252 1253 1258)
4(227 253 305 279)
4(278 279 305 304)
4(1387 278 304 1413)
4(1387 1413 1412 1386)
4(1412 1349 1323 1386)
4(1349 1348 1322 1323)
4(1348 354 328 1322)
4(327 328 354 353)
4(327 353 405 379)
4(378 379 405 404)
4(378 404 456 430)
4(429 430 456 455)
4(429 455 507 481)
4(480 481 507 506)
4(480 506 558 532)
4(531 532 558 557)
4(531 557 609 583)
4(582 583 609 608)
4(582 608 660 634)
4(633 634 660 659)
4(633 659 711 685)
4(684 685 711 710)
4(684 710 762 736)
4(735 736 762 761)
4(735 761 813 787)
4(786 787 813 812)
4(786 812 864 838)
4(837 838 864 863)
4(837 863 915 889)
4(888 889 915 914)
4(888 914 966 940)
4(939 940 966 965)
4(939 965 1017 991)
4(990 991 1017 1016)
4(990 1016 1068 1042)
4(1041 1042 1068 1067)
4(1041 1067 1119 1093)
4(192 1093 1119 197)
4(192 197 208 203)
4(1762 203 208 1763)
4(1463 207 202 1462)
4(1483 1463 1462 1482)
4(1503 1483 1482 1502)
4(1523 1503 1502 1522)
4(1543 1523 1522 1542)
4(1563 1543 1542 1562)
4(1583 1563 1562 1582)
4(1603 1583 1582 1602)
4(1623 1603 1602 1622)
4(1643 1623 1622 1642)
4(1663 1643 1642 1662)
4(1683 1663 1662 1682)
4(1703 1683 1682 1702)
4(1723 1703 1702 1722)
4(1743 1723 1722 1742)
4(1763 1743 1742 1762)
4(1431 1238 1233 1430)
4(1430 1422 1423 1431)
4(1233 1238 1249 1244)
4(1243 1244 1249 1248)
4(1243 1248 1259 1254)
4(1253 1254 1259 1258)
4(1253 1258 1269 1264)
3(1263 1264 1269)
4(228 254 306 280)
4(279 280 306 305)
4(1388 279 305 1414)
4(1388 1414 1413 1387)
4(1413 1350 1324 1387)
4(1350 1349 1323 1324)
4(1349 355 329 1323)
4(328 329 355 354)
4(328 354 406 380)
4(379 380 406 405)
4(379 405 457 431)
4(430 431 457 456)
4(430 456 508 482)
4(481 482 508 507)
4(481 507 559 533)
4(532 533 559 558)
4(532 558 610 584)
4(583 584 610 609)
4(583 609 661 635)
4(634 635 661 660)
4(634 660 712 686)
4(685 686 712 711)
4(685 711 763 737)
4(736 737 763 762)
4(736 762 814 788)
4(787 788 814 813)
4(787 813 865 839)
4(838 839 865 864)
4(838 864 916 890)
4(889 890 916 915)
4(889 915 967 941)
4(940 941 967 966)
4(940 966 1018 992)
4(991 992 1018 1017)
4(991 1017 1069 1043)
4(1042 1043 1069 1068)
4(1042 1068 1120 1094)
4(1093 1094 1120 1119)
4(1093 1119 1171 1145)
4(1770 1235 1240 1771)
4(1770 1771 1763 1762)
4(1433 1249 1244 1432)
4(1432 1430 1431 1433)
4(1244 1249 1260 1255)
4(1254 1255 1260 1259)
4(1254 1259 1270 1265)
4(1264 1265 1270 1269)
4(1264 1269 1280 1275)
3(1274 1275 1280)
4(229 255 307 281)
4(280 281 307 306)
4(1389 280 306 1415)
4(1389 1415 1414 1388)
4(1414 1351 1325 1388)
4(1351 1350 1324 1325)
4(1350 356 330 1324)
4(329 330 356 355)
4(329 355 407 381)
4(380 381 407 406)
4(380 406 458 432)
4(431 432 458 457)
4(431 457 509 483)
4(482 483 509 508)
4(482 508 560 534)
4(533 534 560 559)
4(533 559 611 585)
4(584 585 611 610)
4(584 610 662 636)
4(635 636 662 661)
4(635 661 713 687)
4(686 687 713 712)
4(686 712 764 738)
4(737 738 764 763)
4(737 763 815 789)
4(788 789 815 814)
4(788 814 866 840)
4(839 840 866 865)
4(839 865 917 891)
4(890 891 917 916)
4(890 916 968 942)
4(941 942 968 967)
4(941 967 1019 993)
4(992 993 1019 1018)
4(992 1018 1070 1044)
4(1043 1044 1070 1069)
4(1043 1069 1121 1095)
4(1094 1095 1121 1120)
4(1094 1120 1172 1146)
4(1772 1246 1251 1773)
4(1772 1773 1771 1770)
4(1435 1260 1255 1434)
4(1434 1432 1433 1435)
4(1255 1260 1271 1266)
4(1265 1266 1271 1270)
4(1265 1270 1281 1276)
4(1275 1276 1281 1280)
4(1275 1280 1291 1286)
4(230 256 308 282)
4(281 282 308 307)
4(1390 281 307 1416)
4(1390 1416 1415 1389)
4(1415 1352 1326 1389)
4(1352 1351 1325 1326)
4(1351 357 331 1325)
4(330 331 357 356)
4(330 356 408 382)
4(381 382 408 407)
4(381 407 459 433)
4(432 433 459 458)
4(432 458 510 484)
4(483 484 510 509)
4(483 509 561 535)
4(534 535 561 560)
4(534 560 612 586)
4(585 586 612 611)
4(585 611 663 637)
4(636 637 663 662)
4(636 662 714 688)
4(687 688 714 713)
4(687 713 765 739)
4(738 739 765 764)
4(738 764 816 790)
4(789 790 816 815)
4(789 815 867 841)
4(840 841 867 866)
4(840 866 918 892)
4(891 892 918 917)
4(891 917 969 943)
4(942 943 969 968)
4(942 968 1020 994)
4(993 994 1020 1019)
4(993 1019 1071 1045)
4(1044 1045 1071 1070)
4(1044 1070 1122 1096)
4(1095 1096 1122 1121)
4(1095 1121 1173 1147)
4(1774 1257 1262 1775)
4(1774 1775 1773 1772)
4(1437 1271 1266 1436)
4(1436 1434 1435 1437)
4(1266 1271 1282 1277)
4(1276 1277 1282 1281)
4(1276 1281 1292 1287)
4(231 257 309 283)
4(282 283 309 308)
4(1391 282 308 1417)
4(1391 1417 1416 1390)
4(1416 1353 1327 1390)
4(1353 1352 1326 1327)
4(1352 358 332 1326)
4(331 332 358 357)
4(331 357 409 383)
4(382 383 409 408)
4(382 408 460 434)
4(433 434 460 459)
4(433 459 511 485)
4(484 485 511 510)
4(484 510 562 536)
4(535 536 562 561)
4(535 561 613 587)
4(586 587 613 612)
4(586 612 664 638)
4(637 638 664 663)
4(637 663 715 689)
4(688 689 715 714)
4(688 714 766 740)
4(739 740 766 765)
4(739 765 817 791)
4(790 791 817 816)
4(790 816 868 842)
4(841 842 868 867)
4(841 867 919 893)
4(892 893 919 918)
4(892 918 970 944)
4(943 944 970 969)
4(943 969 1021 995)
4(994 995 1021 1020)
4(994 1020 1072 1046)
4(1045 1046 1072 1071)
4(1045 1071 1123 1097)
4(1096 1097 1123 1122)
4(1096 1122 1174 1148)
4(1776 1268 1273 1777)
4(1776 1777 1775 1774)
4(1439 1282 1277 1438)
4(1438 1436 1437 1439)
4(1277 1282 1293 1288)
4(232 258 310 284)
4(283 284 310 309)
4(1392 283 309 1418)
4(1392 1418 1417 1391)
4(1417 1354 1328 1391)
4(1354 1353 1327 1328)
4(1353 359 333 1327)
4(332 333 359 358)
4(332 358 410 384)
4(383 384 410 409)
4(383 409 461 435)
4(434 435 461 460)
4(434 460 512 486)
4(485 486 512 511)
4(485 511 563 537)
4(536 537 563 562)
4(536 562 614 588)
4(587 588 614 613)
4(587 613 665 639)
4(638 639 665 664)
4(638 664 716 690)
4(689 690 716 715)
4(689 715 767 741)
4(740 741 767 766)
4(740 766 818 792)
4(791 792 818 817)
4(791 817 869 843)
4(842 843 869 868)
4(842 868 920 894)
4(893 894 920 919)
4(893 919 971 945)
4(944 945 971 970)
4(944 970 1022 996)
4(995 996 1022 1021)
4(995 1021 1073 1047)
4(1046 1047 1073 1072)
4(1046 1072 1124 1098)
4(1097 1098 1124 1123)
4(1097 1123 1175 1149)
4(1778 1279 1284 1779)
4(1778 1779 1777 1776)
4(1438 1440 1441 1439)
4(1459 1461 1460 1458)
4(1458 1438 1439 1459)
4(233 259 311 285)
4(284 285 311 310)
4(1393 284 310 1419)
4(1393 1419 1418 1392)
4(1418 1355 1329 1392)
4(1355 1354 1328 1329)
4(1354 360 334 1328)
4(333 334 360 359)
4(333 359 411 385)
4(384 385 411 410)
4(384 410 462 436)
4(435 436 462 461)
4(435 461 513 487)
4(486 487 513 512)
4(486 512 564 538)
4(537 538 564 563)
4(537 563 615 589)
4(588 589 615 614)
4(588 614 666 640)
4(639 640 666 665)
4(639 665 717 691)
4(690 691 717 716)
4(690 716 768 742)
4(741 742 768 767)
4(741 767 819 793)
4(792 793 819 818)
4(792 818 870 844)
4(843 844 870 869)
4(843 869 921 895)
4(894 895 921 920)
4(894 920 972 946)
4(945 946 972 971)
4(945 971 1023 997)
4(996 997 1023 1022)
4(996 1022 1074 1048)
4(1047 1048 1074 1073)
4(1047 1073 1125 1099)
4(1098 1099 1125 1124)
4(1098 1124 1176 1150)
4(1778 1780 1781 1779)
4(285 286 312 311)
4(1394 285 311 1420)
4(1394 1420 1419 1393)
4(1419 1356 1330 1393)
4(1356 1355 1329 1330)
4(1355 361 335 1329)
4(334 335 361 360)
4(334 360 412 386)
4(385 386 412 411)
4(385 411 463 437)
4(436 437 463 462)
4(436 462 514 488)
4(487 488 514 513)
4(487 513 565 539)
4(538 539 565 564)
4(538 564 616 590)
4(589 590 616 615)
4(589 615 667 641)
4(640 641 667 666)
4(640 666 718 692)
4(691 692 718 717)
4(691 717 769 743)
4(742 743 769 768)
4(742 768 820 794)
4(793 794 820 819)
4(793 819 871 845)
4(844 845 871 870)
4(844 870 922 896)
4(895 896 922 921)
4(895 921 973 947)
4(946 947 973 972)
4(946 972 1024 998)
4(997 998 1024 1023)
4(997 1023 1075 1049)
4(1048 1049 1075 1074)
4(1048 1074 1126 1100)
4(1099 1100 1126 1125)
4(1099 1125 1177 1151)
4(1395 1421 1420 1394)
4(1420 1357 1331 1394)
4(1357 1356 1330 1331)
4(1356 362 336 1330)
4(335 336 362 361)
4(335 361 413 387)
4(386 387 413 412)
4(386 412 464 438)
4(437 438 464 463)
4(437 463 515 489)
4(488 489 515 514)
4(488 514 566 540)
4(539 540 566 565)
4(539 565 617 591)
4(590 591 617 616)
4(590 616 668 642)
4(641 642 668 667)
4(641 667 719 693)
4(692 693 719 718)
4(692 718 770 744)
4(743 744 770 769)
4(743 769 821 795)
4(794 795 821 820)
4(794 820 872 846)
4(845 846 872 871)
4(845 871 923 897)
4(896 897 923 922)
4(896 922 974 948)
4(947 948 974 973)
4(947 973 1025 999)
4(998 999 1025 1024)
4(998 1024 1076 1050)
4(1049 1050 1076 1075)
4(1049 1075 1127 1101)
4(1100 1101 1127 1126)
4(1100 1126 1178 1152)
4(1358 1357 1331 1332)
4(1357 363 337 1331)
4(336 337 363 362)
4(336 362 414 388)
4(387 388 414 413)
4(387 413 465 439)
4(438 439 465 464)
4(438 464 516 490)
4(489 490 516 515)
4(489 515 567 541)
4(540 541 567 566)
4(540 566 618 592)
4(591 592 618 617)
4(591 617 669 643)
4(642 643 669 668)
4(642 668 720 694)
4(693 694 720 719)
4(693 719 771 745)
4(744 745 771 770)
4(744 770 822 796)
4(795 796 822 821)
4(795 821 873 847)
4(846 847 873 872)
4(846 872 924 898)
4(897 898 924 923)
4(897 923 975 949)
4(948 949 975 974)
4(948 974 1026 1000)
4(999 1000 1026 1025)
4(999 1025 1077 1051)
4(1050 1051 1077 1076)
4(1050 1076 1128 1102)
4(1101 1102 1128 1127)
4(1101 1127 1179 1153)
4(337 338 364 363)
4(337 363 415 389)
4(388 389 415 414)
4(388 414 466 440)
4(439 440 466 465)
4(439 465 517 491)
4(490 491 517 516)
4(490 516 568 542)
4(541 542 568 567)
4(541 567 619 593)
4(592 593 619 618)
4(592 618 670 644)
4(643 644 670 669)
4(643 669 721 695)
4(694 695 721 720)
4(694 720 772 746)
4(745 746 772 771)
4(745 771 823 797)
4(796 797 823 822)
4(796 822 874 848)
4(847 848 874 873)
4(847 873 925 899)
4(898 899 925 924)
4(898 924 976 950)
4(949 950 976 975)
4(949 975 1027 1001)
4(1000 1001 1027 1026)
4(1000 1026 1078 1052)
4(1051 1052 1078 1077)
4(1051 1077 1129 1103)
4(1102 1103 1129 1128)
4(1102 1128 1180 1154)
4(389 390 416 415)
4(389 415 467 441)
4(440 441 467 466)
4(440 466 518 492)
4(491 492 518 517)
4(491 517 569 543)
4(542 543 569 568)
4(542 568 620 594)
4(593 594 620 619)
4(593 619 671 645)
4(644 645 671 670)
4(644 670 722 696)
4(695 696 722 721)
4(695 721 773 747)
4(746 747 773 772)
4(746 772 824 798)
4(797 798 824 823)
4(797 823 875 849)
4(848 849 875 874)
4(848 874 926 900)
4(899 900 926 925)
4(899 925 977 951)
4(950 951 977 976)
4(950 976 1028 1002)
4(1001 1002 1028 1027)
4(1001 1027 1079 1053)
4(1052 1053 1079 1078)
4(1052 1078 1130 1104)
4(1103 1104 1130 1129)
4(1103 1129 1181 1155)
4(441 442 468 467)
4(441 467 519 493)
4(492 493 519 518)
4(492 518 570 544)
4(543 544 570 569)
4(543 569 621 595)
4(594 595 621 620)
4(594 620 672 646)
4(645 646 672 671)
4(645 671 723 697)
4(696 697 723 722)
4(696 722 774 748)
4(747 748 774 773)
4(747 773 825 799)
4(798 799 825 824)
4(798 824 876 850)
4(849 850 876 875)
4(849 875 927 901)
4(900 901 927 926)
4(900 926 978 952)
4(951 952 978 977)
4(951 977 1029 1003)
4(1002 1003 1029 1028)
4(1002 1028 1080 1054)
4(1053 1054 1080 1079)
4(1053 1079 1131 1105)
4(1104 1105 1131 1130)
4(1104 1130 1182 1156)
4(493 494 520 519)
4(493 519 571 545)
4(544 545 571 570)
4(544 570 622 596)
4(595 596 622 621)
4(595 621 673 647)
4(646 647 673 672)
4(646 672 724 698)
4(697 698 724 723)
4(697 723 775 749)
4(748 749 775 774)
4(748 774 826 800)
4(799 800 826 825)
4(799 825 877 851)
4(850 851 877 876)
4(850 876 928 902)
4(901 902 928 927)
4(901 927 979 953)
4(952 953 979 978)
4(952 978 1030 1004)
4(1003 1004 1030 1029)
4(1003 1029 1081 1055)
4(1054 1055 1081 1080)
4(1054 1080 1132 1106)
4(1105 1106 1132 1131)
4(1105 1131 1183 1157)
4(545 546 572 571)
4(545 571 623 597)
4(596 597 623 622)
4(596 622 674 648)
4(647 648 674 673)
4(647 673 725 699)
4(698 699 725 724)
4(698 724 776 750)
4(749 750 776 775)
4(749 775 827 801)
4(800 801 827 826)
4(800 826 878 852)
4(851 852 878 877)
4(851 877 929 903)
4(902 903 929 928)
4(902 928 980 954)
4(953 954 980 979)
4(953 979 1031 1005)
4(1004 1005 1031 1030)
4(1004 1030 1082 1056)
4(1055 1056 1082 1081)
4(1055 1081 1133 1107)
4(1106 1107 1133 1132)
4(1106 1132 1184 1158)
4(597 598 624 623)
4(597 623 675 649)
4(648 649 675 674)
4(648 674 726 700)
4(699 700 726 725)
4(699 725 777 751)
4(750 751 777 776)
4(750 776 828 802)
4(801 802 828 827)
4(801 827 879 853)
4(852 853 879 878)
4(852 878 930 904)
4(903 904 930 929)
4(903 929 981 955)
4(954 955 981 980)
4(954 980 1032 1006)
4(1005 1006 1032 1031)
4(1005 1031 1083 1057)
4(1056 1057 1083 1082)
4(1056 1082 1134 1108)
4(1107 1108 1134 1133)
4(1107 1133 1185 1159)
4(649 650 676 675)
4(649 675 727 701)
4(700 701 727 726)
4(700 726 778 752)
4(751 752 778 777)
4(751 777 829 803)
4(802 803 829 828)
4(802 828 880 854)
4(853 854 880 879)
4(853 879 931 905)
4(904 905 931 930)
4(904 930 982 956)
4(955 956 982 981)
4(955 981 1033 1007)
4(1006 1007 1033 1032)
4(1006 1032 1084 1058)
4(1057 1058 1084 1083)
4(1057 1083 1135 1109)
4(1108 1109 1135 1134)
4(1108 1134 1186 1160)
4(701 702 728 727)
4(701 727 779 753)
4(752 753 779 778)
4(752 778 830 804)
4(803 804 830 829)
4(803 829 881 855)
4(854 855 881 880)
4(854 880 932 906)
4(905 906 932 931)
4(905 931 983 957)
4(956 957 983 982)
4(956 982 1034 1008)
4(1007 1008 1034 1033)
4(1007 1033 1085 1059)
4(1058 1059 1085 1084)
4(1058 1084 1136 1110)
4(1109 1110 1136 1135)
4(1109 1135 1187 1161)
4(753 754 780 779)
4(753 779 831 805)
4(804 805 831 830)
4(804 830 882 856)
4(855 856 882 881)
4(855 881 933 907)
4(906 907 933 932)
4(906 932 984 958)
4(957 958 984 983)
4(957 983 1035 1009)
4(1008 1009 1035 1034)
4(1008 1034 1086 1060)
4(1059 1060 1086 1085)
4(1059 1085 1137 1111)
4(1110 1111 1137 1136)
4(1110 1136 1188 1162)
4(805 806 832 831)
4(805 831 883 857)
4(856 857 883 882)
4(856 882 934 908)
4(907 908 934 933)
4(907 933 985 959)
4(958 959 985 984)
4(958 984 1036 1010)
4(1009 1010 1036 1035)
4(1009 1035 1087 1061)
4(1060 1061 1087 1086)
4(1060 1086 1138 1112)
4(1111 1112 1138 1137)
4(1111 1137 1189 1163)
4(857 858 884 883)
4(857 883 935 909)
4(908 909 935 934)
4(908 934 986 960)
4(959 960 986 985)
4(959 985 1037 1011)
4(1010 1011 1037 1036)
4(1010 1036 1088 1062)
4(1061 1062 1088 1087)
4(1061 1087 1139 1113)
4(1112 1113 1139 1138)
4(1112 1138 1190 1164)
4(909 910 936 935)
4(909 935 987 961)
4(960 961 987 986)
4(960 986 1038 1012)
4(1011 1012 1038 1037)
4(1011 1037 1089 1063)
4(1062 1063 1089 1088)
4(1062 1088 1140 1114)
4(1113 1114 1140 1139)
4(1113 1139 1191 1165)
4(961 962 988 987)
4(961 987 1039 1013)
4(1012 1013 1039 1038)
4(1012 1038 1090 1064)
4(1063 1064 1090 1089)
4(1063 1089 1141 1115)
4(1114 1115 1141 1140)
4(1114 1140 1192 1166)
4(1013 1014 1040 1039)
4(1013 1039 1091 1065)
4(1064 1065 1091 1090)
4(1064 1090 1142 1116)
4(1115 1116 1142 1141)
4(1115 1141 1193 1167)
4(1065 1066 1092 1091)
4(1065 1091 1143 1117)
4(1116 1117 1143 1142)
4(1116 1142 1194 1168)
4(1117 1118 1144 1143)
4(1117 1143 1195 1169)
4(1198 1203 1214 1209)
3(1208 1209 1214)
4(1199 1204 1215 1210)
4(1209 1210 1215 1214)
4(1209 1214 1225 1220)
4(1200 1205 1216 1211)
4(1210 1211 1216 1215)
4(1210 1215 1226 1221)
4(1427 1216 1211 1426)
4(1426 1424 1425 1427)
4(1211 1216 1227 1222)
4(1766 1213 1218 1767)
4(1766 1767 1765 1764)
4(1428 1426 1427 1429)
4(1768 1769 1767 1766)
4(1451 1431 1430 1450)
4(1450 1442 1443 1451)
4(1453 1433 1432 1452)
4(1452 1450 1451 1453)
4(1455 1435 1434 1454)
4(1454 1452 1453 1455)
4(1456 1454 1455 1457)
4(1457 1437 1436 1456)
4(1459 1458 1278 1283)
4(1456 1457 1272 1267)
4(1456 1458 1459 1457)
4(1267 1272 1283 1278)
4(1447 1427 1426 1446)
4(1446 1444 1445 1447)
4(1448 1446 1447 1449)
4(1278 1283 1294 1289)
4(1450 1234 1239 1451)
4(202 207 1239 1234)
4(1452 1245 1250 1453)
4(1234 1239 1250 1245)
4(1454 1256 1261 1455)
4(1245 1250 1261 1256)
4(1256 1261 1272 1267)
4(1446 1212 1217 1447)
4(1201 1206 1217 1212)
4(1212 1217 1228 1223)
4(1471 1239 1234 1470)
4(1470 1462 1463 1471)
4(1473 1250 1245 1472)
4(1472 1470 1471 1473)
4(1475 1261 1256 1474)
4(1474 1472 1473 1475)
4(1477 1272 1267 1476)
4(1476 1474 1475 1477)
4(1479 1283 1278 1478)
4(1478 1476 1477 1479)
4(1478 1479 1481 1480)
4(1467 1217 1212 1466)
4(1466 1464 1465 1467)
4(1468 1466 1467 1469)
4(1491 1471 1470 1490)
4(1490 1482 1483 1491)
4(1493 1473 1472 1492)
4(1492 1490 1491 1493)
4(1495 1475 1474 1494)
4(1494 1492 1493 1495)
4(1497 1477 1476 1496)
4(1496 1494 1495 1497)
4(1499 1479 1478 1498)
4(1498 1496 1497 1499)
4(1498 1499 1501 1500)
4(1487 1467 1466 1486)
4(1486 1484 1485 1487)
4(1488 1486 1487 1489)
4(1511 1491 1490 1510)
4(1510 1502 1503 1511)
4(1513 1493 1492 1512)
4(1512 1510 1511 1513)
4(1515 1495 1494 1514)
4(1514 1512 1513 1515)
4(1517 1497 1496 1516)
4(1516 1514 1515 1517)
4(1519 1499 1498 1518)
4(1518 1516 1517 1519)
4(1518 1519 1521 1520)
4(1507 1487 1486 1506)
4(1506 1504 1505 1507)
4(1508 1506 1507 1509)
4(1531 1511 1510 1530)
4(1530 1522 1523 1531)
4(1533 1513 1512 1532)
4(1532 1530 1531 1533)
4(1535 1515 1514 1534)
4(1534 1532 1533 1535)
4(1537 1517 1516 1536)
4(1536 1534 1535 1537)
4(1539 1519 1518 1538)
4(1538 1536 1537 1539)
4(1538 1539 1541 1540)
4(1527 1507 1506 1526)
4(1526 1524 1525 1527)
4(1528 1526 1527 1529)
4(1551 1531 1530 1550)
4(1550 1542 1543 1551)
4(1553 1533 1532 1552)
4(1552 1550 1551 1553)
4(1555 1535 1534 1554)
4(1554 1552 1553 1555)
4(1557 1537 1536 1556)
4(1556 1554 1555 1557)
4(1559 1539 1538 1558)
4(1558 1556 1557 1559)
4(1558 1559 1561 1560)
4(1547 1527 1526 1546)
4(1546 1544 1545 1547)
4(1548 1546 1547 1549)
4(1571 1551 1550 1570)
4(1570 1562 1563 1571)
4(1573 1553 1552 1572)
4(1572 1570 1571 1573)
4(1575 1555 1554 1574)
4(1574 1572 1573 1575)
4(1577 1557 1556 1576)
4(1576 1574 1575 1577)
4(1579 1559 1558 1578)
4(1578 1576 1577 1579)
4(1578 1579 1581 1580)
4(1567 1547 1546 1566)
4(1566 1564 1565 1567)
4(1568 1566 1567 1569)
4(1591 1571 1570 1590)
4(1590 1582 1583 1591)
4(1593 1573 1572 1592)
4(1592 1590 1591 1593)
4(1595 1575 1574 1594)
4(1594 1592 1593 1595)
4(1597 1577 1576 1596)
4(1596 1594 1595 1597)
4(1599 1579 1578 1598)
4(1598 1596 1597 1599)
4(1598 1599 1601 1600)
4(1587 1567 1566 1586)
4(1586 1584 1585 1587)
4(1588 1586 1587 1589)
4(1611 1591 1590 1610)
4(1610 1602 1603 1611)
4(1613 1593 1592 1612)
4(1612 1610 1611 1613)
4(1615 1595 1594 1614)
4(1614 1612 1613 1615)
4(1617 1597 1596 1616)
4(1616 1614 1615 1617)
4(1619 1599 1598 1618)
4(1618 1616 1617 1619)
4(1618 1619 1621 1620)
4(1607 1587 1586 1606)
4(1606 1604 1605 1607)
4(1608 1606 1607 1609)
4(1631 1611 1610 1630)
4(1630 1622 1623 1631)
4(1633 1613 1612 1632)
4(1632 1630 1631 1633)
4(1635 1615 1614 1634)
4(1634 1632 1633 1635)
4(1637 1617 1616 1636)
4(1636 1634 1635 1637)
4(1639 1619 1618 1638)
4(1638 1636 1637 1639)
4(1638 1639 1641 1640)
4(1627 1607 1606 1626)
4(1626 1624 1625 1627)
4(1628 1626 1627 1629)
4(1651 1631 1630 1650)
4(1650 1642 1643 1651)
4(1653 1633 1632 1652)
4(1652 1650 1651 1653)
4(1655 1635 1634 1654)
4(1654 1652 1653 1655)
4(1657 1637 1636 1656)
4(1656 1654 1655 1657)
4(1659 1639 1638 1658)
4(1658 1656 1657 1659)
4(1658 1659 1661 1660)
4(1647 1627 1626 1646)
4(1646 1644 1645 1647)
4(1648 1646 1647 1649)
4(1671 1651 1650 1670)
4(1670 1662 1663 1671)
4(1673 1653 1652 1672)
4(1672 1670 1671 1673)
4(1675 1655 1654 1674)
4(1674 1672 1673 1675)
4(1677 1657 1656 1676)
4(1676 1674 1675 1677)
4(1679 1659 1658 1678)
4(1678 1676 1677 1679)
4(1678 1679 1681 1680)
4(1667 1647 1646 1666)
4(1666 1664 1665 1667)
4(1668 1666 1667 1669)
4(1691 1671 1670 1690)
4(1690 1682 1683 1691)
4(1693 1673 1672 1692)
4(1692 1690 1691 1693)
4(1695 1675 1674 1694)
4(1694 1692 1693 1695)
4(1697 1677 1676 1696)
4(1696 1694 1695 1697)
4(1699 1679 1678 1698)
4(1698 1696 1697 1699)
4(1698 1699 1701 1700)
4(1687 1667 1666 1686)
4(1686 1684 1685 1687)
4(1688 1686 1687 1689)
4(1711 1691 1690 1710)
4(1710 1702 1703 1711)
4(1713 1693 1692 1712)
4(1712 1710 1711 1713)
4(1715 1695 1694 1714)
4(1714 1712 1713 1715)
4(1717 1697 1696 1716)
4(1716 1714 1715 1717)
4(1719 1699 1698 1718)
4(1718 1716 1717 1719)
4(1718 1719 1721 1720)
4(1707 1687 1686 1706)
4(1706 1704 1705 1707)
4(1708 1706 1707 1709)
4(1731 1711 1710 1730)
4(1730 1722 1723 1731)
4(1733 1713 1712 1732)
4(1732 1730 1731 1733)
4(1735 1715 1714 1734)
4(1734 1732 1733 1735)
4(1737 1717 1716 1736)
4(1736 1734 1735 1737)
4(1739 1719 1718 1738)
4(1738 1736 1737 1739)
4(1738 1739 1741 1740)
4(1727 1707 1706 1726)
4(1726 1724 1725 1727)
4(1728 1726 1727 1729)
4(1751 1731 1730 1750)
4(1750 1742 1743 1751)
4(1753 1733 1732 1752)
4(1752 1750 1751 1753)
4(1755 1735 1734 1754)
4(1754 1752 1753 1755)
4(1757 1737 1736 1756)
4(1756 1754 1755 1757)
4(1759 1739 1738 1758)
4(1758 1756 1757 1759)
4(1758 1759 1761 1760)
4(1747 1727 1726 1746)
4(1746 1744 1745 1747)
4(1748 1746 1747 1749)
4(1771 1751 1750 1770)
4(1773 1753 1752 1772)
4(1775 1755 1754 1774)
4(1777 1757 1756 1776)
4(1779 1759 1758 1778)
4(1767 1747 1746 1766)
4(234 260 312 286)
4(1358 364 338 1332)
4(338 364 416 390)
4(390 416 468 442)
4(442 468 520 494)
4(494 520 572 546)
4(546 572 624 598)
4(598 624 676 650)
4(650 676 728 702)
4(702 728 780 754)
4(754 780 832 806)
4(806 832 884 858)
4(858 884 936 910)
4(910 936 988 962)
4(962 988 1040 1014)
4(1014 1040 1092 1066)
4(1066 1092 1144 1118)
4(1118 1144 1196 1170)
4(1395 286 312 1421)
4(1421 1358 1332 1395)
4(203 1145 1171 208)
4(1145 1146 1172 1171)
4(1146 1147 1173 1172)
4(1147 1148 1174 1173)
4(1148 1149 1175 1174)
4(1149 1150 1176 1175)
4(1150 1151 1177 1176)
4(1151 1152 1178 1177)
4(1152 1153 1179 1178)
4(1153 1154 1180 1179)
4(1154 1155 1181 1180)
4(1155 1156 1182 1181)
4(1156 1157 1183 1182)
4(1157 1158 1184 1183)
4(1158 1159 1185 1184)
4(1159 1160 1186 1185)
4(1160 1161 1187 1186)
4(1161 1162 1188 1187)
4(1162 1163 1189 1188)
4(1163 1164 1190 1189)
4(1164 1165 1191 1190)
4(1165 1166 1192 1191)
4(1166 1167 1193 1192)
4(1167 1168 1194 1193)
4(1168 1169 1195 1194)
4(1169 1170 1196 1195)
3(0 6 1)
4(1 6 7 2)
4(2 7 8 3)
4(3 8 9 4)
4(4 9 10 5)
4(5 10 235 209)
4(209 235 236 210)
4(210 236 237 211)
4(211 237 238 212)
4(212 238 239 213)
4(213 239 240 214)
4(214 240 241 215)
4(215 241 242 216)
4(216 242 243 217)
4(217 243 244 218)
4(218 244 245 219)
4(219 245 246 220)
4(220 246 247 221)
4(221 247 248 222)
4(222 248 249 223)
4(223 249 250 224)
4(224 250 251 225)
4(225 251 252 226)
4(226 252 253 227)
4(227 253 254 228)
4(228 254 255 229)
4(229 255 256 230)
4(230 256 257 231)
4(231 257 258 232)
4(232 258 259 233)
4(233 259 260 234)
3(1219 1220 1225)
4(1220 1221 1226 1225)
4(1221 1222 1227 1226)
4(1448 1223 1228 1449)
4(1469 1228 1223 1468)
4(1429 1227 1222 1428)
4(1449 1429 1428 1448)
4(1489 1469 1468 1488)
4(1509 1489 1488 1508)
4(1529 1509 1508 1528)
4(1549 1529 1528 1548)
4(1569 1549 1548 1568)
4(1589 1569 1568 1588)
4(1609 1589 1588 1608)
4(1629 1609 1608 1628)
4(1649 1629 1628 1648)
4(1669 1649 1648 1668)
4(1689 1669 1668 1688)
4(1709 1689 1688 1708)
4(1729 1709 1708 1728)
4(1749 1729 1728 1748)
4(1769 1749 1748 1768)
4(1768 1224 1229 1769)
3(1197 1203 1198)
4(1198 1203 1204 1199)
4(1199 1204 1205 1200)
4(1444 1445 1206 1201)
4(1465 1464 1201 1206)
4(1425 1424 1200 1205)
4(1445 1444 1424 1425)
4(1485 1484 1464 1465)
4(1505 1504 1484 1485)
4(1525 1524 1504 1505)
4(1545 1544 1524 1525)
4(1565 1564 1544 1545)
4(1585 1584 1564 1565)
4(1605 1604 1584 1585)
4(1625 1624 1604 1605)
4(1645 1644 1624 1625)
4(1665 1664 1644 1645)
4(1685 1684 1664 1665)
4(1705 1704 1684 1685)
4(1725 1724 1704 1705)
4(1745 1744 1724 1725)
4(1765 1764 1744 1745)
4(1764 1765 1207 1202)
4(1202 1207 1218 1213)
4(1213 1218 1229 1224)
4(203 208 1240 1235)
4(1235 1240 1251 1246)
4(1246 1251 1262 1257)
4(1257 1262 1273 1268)
4(1268 1273 1284 1279)
4(1279 1284 1295 1290)
4(0 1 12 11)
4(1359 11 12 1360)
4(22 23 34 33)
4(33 34 45 44)
4(44 45 56 55)
4(55 56 67 66)
4(66 67 78 77)
4(77 78 89 88)
4(88 89 100 99)
4(99 100 111 110)
4(110 111 122 121)
4(121 122 133 132)
4(132 133 144 143)
4(143 144 155 154)
4(154 155 166 165)
4(165 166 177 176)
4(176 177 188 187)
4(187 188 199 198)
4(1 2 13 12)
4(1298 24 23 1297)
4(23 24 35 34)
4(34 35 46 45)
4(45 46 57 56)
4(56 57 68 67)
4(67 68 79 78)
4(78 79 90 89)
4(89 90 101 100)
4(100 101 112 111)
4(111 112 123 122)
4(122 123 134 133)
4(133 134 145 144)
4(144 145 156 155)
4(155 156 167 166)
4(166 167 178 177)
4(177 178 189 188)
4(188 189 200 199)
4(2 3 14 13)
4(1299 25 24 1298)
4(24 25 36 35)
4(35 36 47 46)
4(46 47 58 57)
4(57 58 69 68)
4(68 69 80 79)
4(79 80 91 90)
4(90 91 102 101)
4(101 102 113 112)
4(112 113 124 123)
4(123 124 135 134)
4(134 135 146 145)
4(145 146 157 156)
4(156 157 168 167)
4(167 168 179 178)
4(178 179 190 189)
4(189 190 201 200)
4(3 4 15 14)
4(1300 26 25 1299)
4(25 26 37 36)
4(36 37 48 47)
4(47 48 59 58)
4(58 59 70 69)
4(69 70 81 80)
4(80 81 92 91)
4(91 92 103 102)
4(102 103 114 113)
4(113 114 125 124)
4(124 125 136 135)
4(135 136 147 146)
4(146 147 158 157)
4(157 158 169 168)
4(168 169 180 179)
4(179 180 191 190)
6(190 191 202 1442 1422 201)
4(4 5 16 15)
4(1301 27 26 1300)
4(26 27 38 37)
4(37 38 49 48)
4(48 49 60 59)
4(59 60 71 70)
4(70 71 82 81)
4(81 82 93 92)
4(92 93 104 103)
4(103 104 115 114)
4(114 115 126 125)
4(125 126 137 136)
4(136 137 148 147)
4(147 148 159 158)
4(158 159 170 169)
4(169 170 181 180)
4(180 181 192 191)

20
(
191
192
203
1762
1742
1722
1702
1682
1662
1642
1622
1602
1582
1562
1542
1522
1502
1482
1462
202
)

4(5 209 261 16)
4(1307 313 27 1301)
4(27 313 365 38)
4(38 365 417 49)
4(49 417 469 60)
4(60 469 521 71)
4(71 521 573 82)
4(82 573 625 93)
4(93 625 677 104)
4(104 677 729 115)
4(115 729 781 126)
4(126 781 833 137)
4(137 833 885 148)
4(148 885 937 159)
4(159 937 989 170)
4(170 989 1041 181)
4(181 1041 1093 192)
4(192 1093 1145 203)
4(209 210 262 261)
4(1308 314 313 1307)
4(313 314 366 365)
4(365 366 418 417)
4(417 418 470 469)
4(469 470 522 521)
4(521 522 574 573)
4(573 574 626 625)
4(625 626 678 677)
4(677 678 730 729)
4(729 730 782 781)
4(781 782 834 833)
4(833 834 886 885)
4(885 886 938 937)
4(937 938 990 989)
4(989 990 1042 1041)
4(1041 1042 1094 1093)
4(1093 1094 1146 1145)
4(210 211 263 262)
4(1309 315 314 1308)
4(314 315 367 366)
4(366 367 419 418)
4(418 419 471 470)
4(470 471 523 522)
4(522 523 575 574)
4(574 575 627 626)
4(626 627 679 678)
4(678 679 731 730)
4(730 731 783 782)
4(782 783 835 834)
4(834 835 887 886)
4(886 887 939 938)
4(938 939 991 990)
4(990 991 1043 1042)
4(1042 1043 1095 1094)
4(1094 1095 1147 1146)
4(211 212 264 263)
4(1310 316 315 1309)
4(315 316 368 367)
4(367 368 420 419)
4(419 420 472 471)
4(471 472 524 523)
4(523 524 576 575)
4(575 576 628 627)
4(627 628 680 679)
4(679 680 732 731)
4(731 732 784 783)
4(783 784 836 835)
4(835 836 888 887)
4(887 888 940 939)
4(939 940 992 991)
4(991 992 1044 1043)
4(1043 1044 1096 1095)
4(1095 1096 1148 1147)
4(212 213 265 264)
4(1311 317 316 1310)
4(316 317 369 368)
4(368 369 421 420)
4(420 421 473 472)
4(472 473 525 524)
4(524 525 577 576)
4(576 577 629 628)
4(628 629 681 680)
4(680 681 733 732)
4(732 733 785 784)
4(784 785 837 836)
4(836 837 889 888)
4(888 889 941 940)
4(940 941 993 992)
4(992 993 1045 1044)
4(1044 1045 1097 1096)
4(1096 1097 1149 1148)
4(213 214 266 265)
4(1312 318 317 1311)
4(317 318 370 369)
4(369 370 422 421)
4(421 422 474 473)
4(473 474 526 525)
4(525 526 578 577)
4(577 578 630 629)
4(629 630 682 681)
4(681 682 734 733)
4(733 734 786 785)
4(785 786 838 837)
4(837 838 890 889)
4(889 890 942 941)
4(941 942 994 993)
4(993 994 1046 1045)
4(1045 1046 1098 1097)
4(1097 1098 1150 1149)
4(214 215 267 266)
4(1313 319 318 1312)
4(318 319 371 370)
4(370 371 423 422)
4(422 423 475 474)
4(474 475 527 526)
4(526 527 579 578)
4(578 579 631 630)
4(630 631 683 682)
4(682 683 735 734)
4(734 735 787 786)
4(786 787 839 838)
4(838 839 891 890)
4(890 891 943 942)
4(942 943 995 994)
4(994 995 1047 1046)
4(1046 1047 1099 1098)
4(1098 1099 1151 1150)
4(215 216 268 267)
4(1314 320 319 1313)
4(319 320 372 371)
4(371 372 424 423)
4(423 424 476 475)
4(475 476 528 527)
4(527 528 580 579)
4(579 580 632 631)
4(631 632 684 683)
4(683 684 736 735)
4(735 736 788 787)
4(787 788 840 839)
4(839 840 892 891)
4(891 892 944 943)
4(943 944 996 995)
4(995 996 1048 1047)
4(1047 1048 1100 1099)
4(1099 1100 1152 1151)
4(216 217 269 268)
4(1315 321 320 1314)
4(320 321 373 372)
4(372 373 425 424)
4(424 425 477 476)
4(476 477 529 528)
4(528 529 581 580)
4(580 581 633 632)
4(632 633 685 684)
4(684 685 737 736)
4(736 737 789 788)
4(788 789 841 840)
4(840 841 893 892)
4(892 893 945 944)
4(944 945 997 996)
4(996 997 1049 1048)
4(1048 1049 1101 1100)
4(1100 1101 1153 1152)
4(217 218 270 269)
4(1316 322 321 1315)
4(321 322 374 373)
4(373 374 426 425)
4(425 426 478 477)
4(477 478 530 529)
4(529 530 582 581)
4(581 582 634 633)
4(633 634 686 685)
4(685 686 738 737)
4(737 738 790 789)
4(789 790 842 841)
4(841 842 894 893)
4(893 894 946 945)
4(945 946 998 997)
4(997 998 1050 1049)
4(1049 1050 1102 1101)
4(1101 1102 1154 1153)
4(218 219 271 270)
4(1317 323 322 1316)
4(322 323 375 374)
4(374 375 427 426)
4(426 427 479 478)
4(478 479 531 530)
4(530 531 583 582)
4(582 583 635 634)
4(634 635 687 686)
4(686 687 739 738)
4(738 739 791 790)
4(790 791 843 842)
4(842 843 895 894)
4(894 895 947 946)
4(946 947 999 998)
4(998 999 1051 1050)
4(1050 1051 1103 1102)
4(1102 1103 1155 1154)
4(219 220 272 271)
4(1318 324 323 1317)
4(323 324 376 375)
4(375 376 428 427)
4(427 428 480 479)
4(479 480 532 531)
4(531 532 584 583)
4(583 584 636 635)
4(635 636 688 687)
4(687 688 740 739)
4(739 740 792 791)
4(791 792 844 843)
4(843 844 896 895)
4(895 896 948 947)
4(947 948 1000 999)
4(999 1000 1052 1051)
4(1051 1052 1104 1103)
4(1103 1104 1156 1155)
4(220 221 273 272)
4(1319 325 324 1318)
4(324 325 377 376)
4(376 377 429 428)
4(428 429 481 480)
4(480 481 533 532)
4(532 533 585 584)
4(584 585 637 636)
4(636 637 689 688)
4(688 689 741 740)
4(740 741 793 792)
4(792 793 845 844)
4(844 845 897 896)
4(896 897 949 948)
4(948 949 1001 1000)
4(1000 1001 1053 1052)
4(1052 1053 1105 1104)
4(1104 1105 1157 1156)
4(221 222 274 273)
4(1320 326 325 1319)
4(325 326 378 377)
4(377 378 430 429)
4(429 430 482 481)
4(481 482 534 533)
4(533 534 586 585)
4(585 586 638 637)
4(637 638 690 689)
4(689 690 742 741)
4(741 742 794 793)
4(793 794 846 845)
4(845 846 898 897)
4(897 898 950 949)
4(949 950 1002 1001)
4(1001 1002 1054 1053)
4(1053 1054 1106 1105)
4(1105 1106 1158 1157)
4(222 223 275 274)
4(1321 327 326 1320)
4(326 327 379 378)
4(378 379 431 430)
4(430 431 483 482)
4(482 483 535 534)
4(534 535 587 586)
4(586 587 639 638)
4(638 639 691 690)
4(690 691 743 742)
4(742 743 795 794)
4(794 795 847 846)
4(846 847 899 898)
4(898 899 951 950)
4(950 951 1003 1002)
4(1002 1003 1055 1054)
4(1054 1055 1107 1106)
4(1106 1107 1159 1158)
4(223 224 276 275)
4(1322 328 327 1321)
4(327 328 380 379)
4(379 380 432 431)
4(431 432 484 483)
4(483 484 536 535)
4(535 536 588 587)
4(587 588 640 639)
4(639 640 692 691)
4(691 692 744 743)
4(743 744 796 795)
4(795 796 848 847)
4(847 848 900 899)
4(899 900 952 951)
4(951 952 1004 1003)
4(1003 1004 1056 1055)
4(1055 1056 1108 1107)
4(1107 1108 1160 1159)
4(224 225 277 276)
4(1323 329 328 1322)
4(328 329 381 380)
4(380 381 433 432)
4(432 433 485 484)
4(484 485 537 536)
4(536 537 589 588)
4(588 589 641 640)
4(640 641 693 692)
4(692 693 745 744)
4(744 745 797 796)
4(796 797 849 848)
4(848 849 901 900)
4(900 901 953 952)
4(952 953 1005 1004)
4(1004 1005 1057 1056)
4(1056 1057 1109 1108)
4(1108 1109 1161 1160)
4(225 226 278 277)
4(1324 330 329 1323)
4(329 330 382 381)
4(381 382 434 433)
4(433 434 486 485)
4(485 486 538 537)
4(537 538 590 589)
4(589 590 642 641)
4(641 642 694 693)
4(693 694 746 745)
4(745 746 798 797)
4(797 798 850 849)
4(849 850 902 901)
4(901 902 954 953)
4(953 954 1006 1005)
4(1005 1006 1058 1057)
4(1057 1058 1110 1109)
4(1109 1110 1162 1161)
4(226 227 279 278)
4(1325 331 330 1324)
4(330 331 383 382)
4(382 383 435 434)
4(434 435 487 486)
4(486 487 539 538)
4(538 539 591 590)
4(590 591 643 642)
4(642 643 695 694)
4(694 695 747 746)
4(746 747 799 798)
4(798 799 851 850)
4(850 851 903 902)
4(902 903 955 954)
4(954 955 1007 1006)
4(1006 1007 1059 1058)
4(1058 1059 1111 1110)
4(1110 1111 1163 1162)
4(227 228 280 279)
4(1326 332 331 1325)
4(331 332 384 383)
4(383 384 436 435)
4(435 436 488 487)
4(487 488 540 539)
4(539 540 592 591)
4(591 592 644 643)
4(643 644 696 695)
4(695 696 748 747)
4(747 748 800 799)
4(799 800 852 851)
4(851 852 904 903)
4(903 904 956 955)
4(955 956 1008 1007)
4(1007 1008 1060 1059)
4(1059 1060 1112 1111)
4(1111 1112 1164 1163)
4(228 229 281 280)
4(1327 333 332 1326)
4(332 333 385 384)
4(384 385 437 436)
4(436 437 489 488)
4(488 489 541 540)
4(540 541 593 592)
4(592 593 645 644)
4(644 645 697 696)
4(696 697 749 748)
4(748 749 801 800)
4(800 801 853 852)
4(852 853 905 904)
4(904 905 957 956)
4(956 957 1009 1008)
4(1008 1009 1061 1060)
4(1060 1061 1113 1112)
4(1112 1113 1165 1164)
4(229 230 282 281)
4(1328 334 333 1327)
4(333 334 386 385)
4(385 386 438 437)
4(437 438 490 489)
4(489 490 542 541)
4(541 542 594 593)
4(593 594 646 645)
4(645 646 698 697)
4(697 698 750 749)
4(749 750 802 801)
4(801 802 854 853)
4(853 854 906 905)
4(905 906 958 957)
4(957 958 1010 1009)
4(1009 1010 1062 1061)
4(1061 1062 1114 1113)
4(1113 1114 1166 1165)
4(230 231 283 282)
4(1329 335 334 1328)
4(334 335 387 386)
4(386 387 439 438)
4(438 439 491 490)
4(490 491 543 542)
4(542 543 595 594)
4(594 595 647 646)
4(646 647 699 698)
4(698 699 751 750)
4(750 751 803 802)
4(802 803 855 854)
4(854 855 907 906)
4(906 907 959 958)
4(958 959 1011 1010)
4(1010 1011 1063 1062)
4(1062 1063 1115 1114)
4(1114 1115 1167 1166)
4(231 232 284 283)
4(1330 336 335 1329)
4(335 336 388 387)
4(387 388 440 439)
4(439 440 492 491)
4(491 492 544 543)
4(543 544 596 595)
4(595 596 648 647)
4(647 648 700 699)
4(699 700 752 751)
4(751 752 804 803)
4(803 804 856 855)
4(855 856 908 907)
4(907 908 960 959)
4(959 960 1012 1011)
4(1011 1012 1064 1063)
4(1063 1064 1116 1115)
4(1115 1116 1168 1167)
4(232 233 285 284)
4(1331 337 336 1330)
4(336 337 389 388)
4(388 389 441 440)
4(440 441 493 492)
4(492 493 545 544)
4(544 545 597 596)
4(596 597 649 648)
4(648 649 701 700)
4(700 701 753 752)
4(752 753 805 804)
4(804 805 857 856)
4(856 857 909 908)
4(908 909 961 960)
4(960 961 1013 1012)
4(1012 1013 1065 1064)
4(1064 1065 1117 1116)
4(1116 1117 1169 1168)
4(233 234 286 285)
4(1332 338 337 1331)
4(337 338 390 389)
4(389 390 442 441)
4(441 442 494 493)
4(493 494 546 545)
4(545 546 598 597)
4(597 598 650 649)
4(649 650 702 701)
4(701 702 754 753)
4(753 754 806 805)
4(805 806 858 857)
4(857 858 910 909)
4(909 910 962 961)
4(961 962 1014 1013)
4(1013 1014 1066 1065)
4(1065 1066 1118 1117)
4(1117 1118 1170 1169)
4(1197 1198 1209 1208)
4(1208 1209 1220 1219)
4(1198 1199 1210 1209)
4(1209 1210 1221 1220)
4(1199 1200 1211 1210)
4(1210 1211 1222 1221)
4(1444 1201 1212 1446)
4(1446 1212 1223 1448)
4(1466 1212 1201 1464)
4(1468 1223 1212 1466)
4(198 199 1231 1230)
4(1230 1231 1242 1241)
4(1241 1242 1253 1252)
4(1252 1253 1264 1263)
4(1263 1264 1275 1274)
4(1274 1275 1286 1285)
4(199 200 1232 1231)
4(1231 1232 1243 1242)
4(1242 1243 1254 1253)
4(1253 1254 1265 1264)
4(1264 1265 1276 1275)
4(1275 1276 1287 1286)
4(200 201 1233 1232)
4(1232 1233 1244 1243)
4(1243 1244 1255 1254)
4(1254 1255 1266 1265)
4(1265 1266 1277 1276)
4(1276 1277 1288 1287)
4(1442 202 1234 1450)
4(1450 1234 1245 1452)
4(1452 1245 1256 1454)
4(1454 1256 1267 1456)
4(1458 1438 1436 1456)
4(1440 1288 1277 1438)
4(1470 1234 202 1462)
4(1472 1245 1234 1470)
4(1474 1256 1245 1472)
4(1476 1267 1256 1474)
4(1478 1278 1267 1476)
4(1480 1289 1278 1478)
4(1374 265 266 1375)
4(1362 14 15 1363)
4(1389 280 281 1390)
4(1382 273 274 1383)
4(1375 266 267 1376)
4(1363 15 16 1364)
4(1390 281 282 1391)
4(1383 274 275 1384)
4(1376 267 268 1377)
4(1364 16 261 1370)
4(1391 282 283 1392)
4(1384 275 276 1385)
4(1377 268 269 1378)
4(1370 261 262 1371)
4(1392 283 284 1393)
4(1385 276 277 1386)
4(1378 269 270 1379)
4(1371 262 263 1372)
4(1297 23 22 1296)
4(1393 284 285 1394)
4(1386 277 278 1387)
4(1379 270 271 1380)
4(1372 263 264 1373)
4(1360 12 13 1361)
4(1394 285 286 1395)
4(1387 278 279 1388)
4(1380 271 272 1381)
4(1373 264 265 1374)
4(1361 13 14 1362)
4(1388 279 280 1389)
4(1381 272 273 1382)
4(1360 1297 1296 1359)
4(1375 1312 1311 1374)
4(1363 1300 1299 1362)
4(1390 1327 1326 1389)
4(1383 1320 1319 1382)
4(1376 1313 1312 1375)
4(1364 1301 1300 1363)
4(1391 1328 1327 1390)
4(1384 1321 1320 1383)
4(1377 1314 1313 1376)
4(1370 1307 1301 1364)
4(1392 1329 1328 1391)
4(1385 1322 1321 1384)
4(1378 1315 1314 1377)
4(1371 1308 1307 1370)
4(1393 1330 1329 1392)
4(1386 1323 1322 1385)
4(1379 1316 1315 1378)
4(1372 1309 1308 1371)
4(1394 1331 1330 1393)
4(1387 1324 1323 1386)
4(1380 1317 1316 1379)
4(1373 1310 1309 1372)
4(1361 1298 1297 1360)
4(1395 1332 1331 1394)
4(1388 1325 1324 1387)
4(1381 1318 1317 1380)
4(1374 1311 1310 1373)
4(1362 1299 1298 1361)
4(1389 1326 1325 1388)
4(1382 1319 1318 1381)
4(1430 1233 201 1422)
4(1432 1244 1233 1430)
4(1434 1255 1244 1432)
4(1436 1266 1255 1434)
4(1438 1277 1266 1436)
4(1458 1278 1289 1460)
4(1426 1211 1200 1424)
4(1428 1222 1211 1426)
4(1446 1426 1424 1444)
4(1448 1428 1426 1446)
4(1450 1430 1422 1442)
4(1452 1432 1430 1450)
4(1454 1434 1432 1452)
4(1456 1436 1434 1454)
4(1456 1267 1278 1458)
4(1460 1440 1438 1458)
4(1486 1466 1464 1484)
4(1488 1468 1466 1486)
4(1490 1470 1462 1482)
4(1492 1472 1470 1490)
4(1494 1474 1472 1492)
4(1496 1476 1474 1494)
4(1498 1478 1476 1496)
4(1500 1480 1478 1498)
4(1506 1486 1484 1504)
4(1508 1488 1486 1506)
4(1510 1490 1482 1502)
4(1512 1492 1490 1510)
4(1514 1494 1492 1512)
4(1516 1496 1494 1514)
4(1518 1498 1496 1516)
4(1520 1500 1498 1518)
4(1526 1506 1504 1524)
4(1528 1508 1506 1526)
4(1530 1510 1502 1522)
4(1532 1512 1510 1530)
4(1534 1514 1512 1532)
4(1536 1516 1514 1534)
4(1538 1518 1516 1536)
4(1540 1520 1518 1538)
4(1546 1526 1524 1544)
4(1548 1528 1526 1546)
4(1550 1530 1522 1542)
4(1552 1532 1530 1550)
4(1554 1534 1532 1552)
4(1556 1536 1534 1554)
4(1558 1538 1536 1556)
4(1560 1540 1538 1558)
4(1566 1546 1544 1564)
4(1568 1548 1546 1566)
4(1570 1550 1542 1562)
4(1572 1552 1550 1570)
4(1574 1554 1552 1572)
4(1576 1556 1554 1574)
4(1578 1558 1556 1576)
4(1580 1560 1558 1578)
4(1586 1566 1564 1584)
4(1588 1568 1566 1586)
4(1590 1570 1562 1582)
4(1592 1572 1570 1590)
4(1594 1574 1572 1592)
4(1596 1576 1574 1594)
4(1598 1578 1576 1596)
4(1600 1580 1578 1598)
4(1606 1586 1584 1604)
4(1608 1588 1586 1606)
4(1610 1590 1582 1602)
4(1612 1592 1590 1610)
4(1614 1594 1592 1612)
4(1616 1596 1594 1614)
4(1618 1598 1596 1616)
4(1620 1600 1598 1618)
4(1626 1606 1604 1624)
4(1628 1608 1606 1626)
4(1630 1610 1602 1622)
4(1632 1612 1610 1630)
4(1634 1614 1612 1632)
4(1636 1616 1614 1634)
4(1638 1618 1616 1636)
4(1640 1620 1618 1638)
4(1646 1626 1624 1644)
4(1648 1628 1626 1646)
4(1650 1630 1622 1642)
4(1652 1632 1630 1650)
4(1654 1634 1632 1652)
4(1656 1636 1634 1654)
4(1658 1638 1636 1656)
4(1660 1640 1638 1658)
4(1666 1646 1644 1664)
4(1668 1648 1646 1666)
4(1670 1650 1642 1662)
4(1672 1652 1650 1670)
4(1674 1654 1652 1672)
4(1676 1656 1654 1674)
4(1678 1658 1656 1676)
4(1680 1660 1658 1678)
4(1688 1668 1666 1686)
4(1690 1670 1662 1682)
4(1692 1672 1670 1690)
4(1694 1674 1672 1692)
4(1696 1676 1674 1694)
4(1698 1678 1676 1696)
4(1700 1680 1678 1698)
4(1686 1666 1664 1684)
4(1708 1688 1686 1706)
4(1710 1690 1682 1702)
4(1712 1692 1690 1710)
4(1714 1694 1692 1712)
4(1716 1696 1694 1714)
4(1718 1698 1696 1716)
4(1720 1700 1698 1718)
4(1706 1686 1684 1704)
4(1728 1708 1706 1726)
4(1730 1710 1702 1722)
4(1732 1712 1710 1730)
4(1734 1714 1712 1732)
4(1736 1716 1714 1734)
4(1738 1718 1716 1736)
4(1740 1720 1718 1738)
4(1726 1706 1704 1724)
4(1748 1728 1726 1746)
4(1750 1730 1722 1742)
4(1752 1732 1730 1750)
4(1754 1734 1732 1752)
4(1756 1736 1734 1754)
4(1758 1738 1736 1756)
4(1760 1740 1738 1758)
4(1746 1726 1724 1744)
4(1768 1748 1746 1766)
4(1770 1750 1742 1762)
4(1772 1752 1750 1770)
4(1774 1754 1752 1772)
4(1776 1756 1754 1774)
4(1778 1758 1756 1776)
4(1780 1760 1758 1778)
4(1766 1746 1744 1764)
4(1774 1257 1268 1776)
4(1776 1268 1279 1778)
4(1778 1279 1290 1780)
4(1764 1202 1213 1766)
4(1766 1213 1224 1768)
4(1762 203 1235 1770)
4(1770 1235 1246 1772)
4(1772 1246 1257 1774)
4(0 11 17 6)
4(1365 17 11 1359)
4(22 33 39 28)
4(33 44 50 39)
4(44 55 61 50)
4(55 66 72 61)
4(66 77 83 72)
4(77 88 94 83)
4(88 99 105 94)
4(99 110 116 105)
4(110 121 127 116)
4(121 132 138 127)
4(132 143 149 138)
4(143 154 160 149)
4(154 165 171 160)
4(165 176 182 171)
4(176 187 193 182)
4(187 198 204 193)
4(6 17 18 7)
4(1302 28 29 1303)
4(28 39 40 29)
4(39 50 51 40)
4(50 61 62 51)
4(61 72 73 62)
4(72 83 84 73)
4(83 94 95 84)
4(94 105 106 95)
4(105 116 117 106)
4(116 127 128 117)
4(127 138 139 128)
4(138 149 150 139)
4(149 160 161 150)
4(160 171 172 161)
4(171 182 183 172)
4(182 193 194 183)
4(193 204 205 194)
4(7 18 19 8)
4(1303 29 30 1304)
4(29 40 41 30)
4(40 51 52 41)
4(51 62 63 52)
4(62 73 74 63)
4(73 84 85 74)
4(84 95 96 85)
4(95 106 107 96)
4(106 117 118 107)
4(117 128 129 118)
4(128 139 140 129)
4(139 150 151 140)
4(150 161 162 151)
4(161 172 173 162)
4(172 183 184 173)
4(183 194 195 184)
4(194 205 206 195)
4(8 19 20 9)
4(1304 30 31 1305)
4(30 41 42 31)
4(41 52 53 42)
4(52 63 64 53)
4(63 74 75 64)
4(74 85 86 75)
4(85 96 97 86)
4(96 107 108 97)
4(107 118 119 108)
4(118 129 130 119)
4(129 140 141 130)
4(140 151 152 141)
4(151 162 163 152)
4(162 173 174 163)
4(173 184 185 174)
4(184 195 196 185)
6(195 206 1423 1443 207 196)
4(9 20 21 10)
4(1305 31 32 1306)
4(31 42 43 32)
4(42 53 54 43)
4(53 64 65 54)
4(64 75 76 65)
4(75 86 87 76)
4(86 97 98 87)
4(97 108 109 98)
4(108 119 120 109)
4(119 130 131 120)
4(130 141 142 131)
4(141 152 153 142)
4(152 163 164 153)
4(163 174 175 164)
4(174 185 186 175)
4(185 196 197 186)

20
(
196
207
1463
1483
1503
1523
1543
1563
1583
1603
1623
1643
1663
1683
1703
1723
1743
1763
208
197
)

4(10 21 287 235)
4(1306 32 339 1333)
4(32 43 391 339)
4(43 54 443 391)
4(54 65 495 443)
4(65 76 547 495)
4(76 87 599 547)
4(87 98 651 599)
4(98 109 703 651)
4(109 120 755 703)
4(120 131 807 755)
4(131 142 859 807)
4(142 153 911 859)
4(153 164 963 911)
4(164 175 1015 963)
4(175 186 1067 1015)
4(186 197 1119 1067)
4(197 208 1171 1119)
4(235 287 288 236)
4(1333 339 340 1334)
4(339 391 392 340)
4(391 443 444 392)
4(443 495 496 444)
4(495 547 548 496)
4(547 599 600 548)
4(599 651 652 600)
4(651 703 704 652)
4(703 755 756 704)
4(755 807 808 756)
4(807 859 860 808)
4(859 911 912 860)
4(911 963 964 912)
4(963 1015 1016 964)
4(1015 1067 1068 1016)
4(1067 1119 1120 1068)
4(1119 1171 1172 1120)
4(236 288 289 237)
4(1334 340 341 1335)
4(340 392 393 341)
4(392 444 445 393)
4(444 496 497 445)
4(496 548 549 497)
4(548 600 601 549)
4(600 652 653 601)
4(652 704 705 653)
4(704 756 757 705)
4(756 808 809 757)
4(808 860 861 809)
4(860 912 913 861)
4(912 964 965 913)
4(964 1016 1017 965)
4(1016 1068 1069 1017)
4(1068 1120 1121 1069)
4(1120 1172 1173 1121)
4(237 289 290 238)
4(1335 341 342 1336)
4(341 393 394 342)
4(393 445 446 394)
4(445 497 498 446)
4(497 549 550 498)
4(549 601 602 550)
4(601 653 654 602)
4(653 705 706 654)
4(705 757 758 706)
4(757 809 810 758)
4(809 861 862 810)
4(861 913 914 862)
4(913 965 966 914)
4(965 1017 1018 966)
4(1017 1069 1070 1018)
4(1069 1121 1122 1070)
4(1121 1173 1174 1122)
4(238 290 291 239)
4(1336 342 343 1337)
4(342 394 395 343)
4(394 446 447 395)
4(446 498 499 447)
4(498 550 551 499)
4(550 602 603 551)
4(602 654 655 603)
4(654 706 707 655)
4(706 758 759 707)
4(758 810 811 759)
4(810 862 863 811)
4(862 914 915 863)
4(914 966 967 915)
4(966 1018 1019 967)
4(1018 1070 1071 1019)
4(1070 1122 1123 1071)
4(1122 1174 1175 1123)
4(239 291 292 240)
4(1337 343 344 1338)
4(343 395 396 344)
4(395 447 448 396)
4(447 499 500 448)
4(499 551 552 500)
4(551 603 604 552)
4(603 655 656 604)
4(655 707 708 656)
4(707 759 760 708)
4(759 811 812 760)
4(811 863 864 812)
4(863 915 916 864)
4(915 967 968 916)
4(967 1019 1020 968)
4(1019 1071 1072 1020)
4(1071 1123 1124 1072)
4(1123 1175 1176 1124)
4(240 292 293 241)
4(1338 344 345 1339)
4(344 396 397 345)
4(396 448 449 397)
4(448 500 501 449)
4(500 552 553 501)
4(552 604 605 553)
4(604 656 657 605)
4(656 708 709 657)
4(708 760 761 709)
4(760 812 813 761)
4(812 864 865 813)
4(864 916 917 865)
4(916 968 969 917)
4(968 1020 1021 969)
4(1020 1072 1073 1021)
4(1072 1124 1125 1073)
4(1124 1176 1177 1125)
4(241 293 294 242)
4(1339 345 346 1340)
4(345 397 398 346)
4(397 449 450 398)
4(449 501 502 450)
4(501 553 554 502)
4(553 605 606 554)
4(605 657 658 606)
4(657 709 710 658)
4(709 761 762 710)
4(761 813 814 762)
4(813 865 866 814)
4(865 917 918 866)
4(917 969 970 918)
4(969 1021 1022 970)
4(1021 1073 1074 1022)
4(1073 1125 1126 1074)
4(1125 1177 1178 1126)
4(242 294 295 243)
4(1340 346 347 1341)
4(346 398 399 347)
4(398 450 451 399)
4(450 502 503 451)
4(502 554 555 503)
4(554 606 607 555)
4(606 658 659 607)
4(658 710 711 659)
4(710 762 763 711)
4(762 814 815 763)
4(814 866 867 815)
4(866 918 919 867)
4(918 970 971 919)
4(970 1022 1023 971)
4(1022 1074 1075 1023)
4(1074 1126 1127 1075)
4(1126 1178 1179 1127)
4(243 295 296 244)
4(1341 347 348 1342)
4(347 399 400 348)
4(399 451 452 400)
4(451 503 504 452)
4(503 555 556 504)
4(555 607 608 556)
4(607 659 660 608)
4(659 711 712 660)
4(711 763 764 712)
4(763 815 816 764)
4(815 867 868 816)
4(867 919 920 868)
4(919 971 972 920)
4(971 1023 1024 972)
4(1023 1075 1076 1024)
4(1075 1127 1128 1076)
4(1127 1179 1180 1128)
4(244 296 297 245)
4(1342 348 349 1343)
4(348 400 401 349)
4(400 452 453 401)
4(452 504 505 453)
4(504 556 557 505)
4(556 608 609 557)
4(608 660 661 609)
4(660 712 713 661)
4(712 764 765 713)
4(764 816 817 765)
4(816 868 869 817)
4(868 920 921 869)
4(920 972 973 921)
4(972 1024 1025 973)
4(1024 1076 1077 1025)
4(1076 1128 1129 1077)
4(1128 1180 1181 1129)
4(245 297 298 246)
4(1343 349 350 1344)
4(349 401 402 350)
4(401 453 454 402)
4(453 505 506 454)
4(505 557 558 506)
4(557 609 610 558)
4(609 661 662 610)
4(661 713 714 662)
4(713 765 766 714)
4(765 817 818 766)
4(817 869 870 818)
4(869 921 922 870)
4(921 973 974 922)
4(973 1025 1026 974)
4(1025 1077 1078 1026)
4(1077 1129 1130 1078)
4(1129 1181 1182 1130)
4(246 298 299 247)
4(1344 350 351 1345)
4(350 402 403 351)
4(402 454 455 403)
4(454 506 507 455)
4(506 558 559 507)
4(558 610 611 559)
4(610 662 663 611)
4(662 714 715 663)
4(714 766 767 715)
4(766 818 819 767)
4(818 870 871 819)
4(870 922 923 871)
4(922 974 975 923)
4(974 1026 1027 975)
4(1026 1078 1079 1027)
4(1078 1130 1131 1079)
4(1130 1182 1183 1131)
4(247 299 300 248)
4(1345 351 352 1346)
4(351 403 404 352)
4(403 455 456 404)
4(455 507 508 456)
4(507 559 560 508)
4(559 611 612 560)
4(611 663 664 612)
4(663 715 716 664)
4(715 767 768 716)
4(767 819 820 768)
4(819 871 872 820)
4(871 923 924 872)
4(923 975 976 924)
4(975 1027 1028 976)
4(1027 1079 1080 1028)
4(1079 1131 1132 1080)
4(1131 1183 1184 1132)
4(248 300 301 249)
4(1346 352 353 1347)
4(352 404 405 353)
4(404 456 457 405)
4(456 508 509 457)
4(508 560 561 509)
4(560 612 613 561)
4(612 664 665 613)
4(664 716 717 665)
4(716 768 769 717)
4(768 820 821 769)
4(820 872 873 821)
4(872 924 925 873)
4(924 976 977 925)
4(976 1028 1029 977)
4(1028 1080 1081 1029)
4(1080 1132 1133 1081)
4(1132 1184 1185 1133)
4(249 301 302 250)
4(1347 353 354 1348)
4(353 405 406 354)
4(405 457 458 406)
4(457 509 510 458)
4(509 561 562 510)
4(561 613 614 562)
4(613 665 666 614)
4(665 717 718 666)
4(717 769 770 718)
4(769 821 822 770)
4(821 873 874 822)
4(873 925 926 874)
4(925 977 978 926)
4(977 1029 1030 978)
4(1029 1081 1082 1030)
4(1081 1133 1134 1082)
4(1133 1185 1186 1134)
4(250 302 303 251)
4(1348 354 355 1349)
4(354 406 407 355)
4(406 458 459 407)
4(458 510 511 459)
4(510 562 563 511)
4(562 614 615 563)
4(614 666 667 615)
4(666 718 719 667)
4(718 770 771 719)
4(770 822 823 771)
4(822 874 875 823)
4(874 926 927 875)
4(926 978 979 927)
4(978 1030 1031 979)
4(1030 1082 1083 1031)
4(1082 1134 1135 1083)
4(1134 1186 1187 1135)
4(251 303 304 252)
4(1349 355 356 1350)
4(355 407 408 356)
4(407 459 460 408)
4(459 511 512 460)
4(511 563 564 512)
4(563 615 616 564)
4(615 667 668 616)
4(667 719 720 668)
4(719 771 772 720)
4(771 823 824 772)
4(823 875 876 824)
4(875 927 928 876)
4(927 979 980 928)
4(979 1031 1032 980)
4(1031 1083 1084 1032)
4(1083 1135 1136 1084)
4(1135 1187 1188 1136)
4(252 304 305 253)
4(1350 356 357 1351)
4(356 408 409 357)
4(408 460 461 409)
4(460 512 513 461)
4(512 564 565 513)
4(564 616 617 565)
4(616 668 669 617)
4(668 720 721 669)
4(720 772 773 721)
4(772 824 825 773)
4(824 876 877 825)
4(876 928 929 877)
4(928 980 981 929)
4(980 1032 1033 981)
4(1032 1084 1085 1033)
4(1084 1136 1137 1085)
4(1136 1188 1189 1137)
4(253 305 306 254)
4(1351 357 358 1352)
4(357 409 410 358)
4(409 461 462 410)
4(461 513 514 462)
4(513 565 566 514)
4(565 617 618 566)
4(617 669 670 618)
4(669 721 722 670)
4(721 773 774 722)
4(773 825 826 774)
4(825 877 878 826)
4(877 929 930 878)
4(929 981 982 930)
4(981 1033 1034 982)
4(1033 1085 1086 1034)
4(1085 1137 1138 1086)
4(1137 1189 1190 1138)
4(254 306 307 255)
4(1352 358 359 1353)
4(358 410 411 359)
4(410 462 463 411)
4(462 514 515 463)
4(514 566 567 515)
4(566 618 619 567)
4(618 670 671 619)
4(670 722 723 671)
4(722 774 775 723)
4(774 826 827 775)
4(826 878 879 827)
4(878 930 931 879)
4(930 982 983 931)
4(982 1034 1035 983)
4(1034 1086 1087 1035)
4(1086 1138 1139 1087)
4(1138 1190 1191 1139)
4(255 307 308 256)
4(1353 359 360 1354)
4(359 411 412 360)
4(411 463 464 412)
4(463 515 516 464)
4(515 567 568 516)
4(567 619 620 568)
4(619 671 672 620)
4(671 723 724 672)
4(723 775 776 724)
4(775 827 828 776)
4(827 879 880 828)
4(879 931 932 880)
4(931 983 984 932)
4(983 1035 1036 984)
4(1035 1087 1088 1036)
4(1087 1139 1140 1088)
4(1139 1191 1192 1140)
4(256 308 309 257)
4(1354 360 361 1355)
4(360 412 413 361)
4(412 464 465 413)
4(464 516 517 465)
4(516 568 569 517)
4(568 620 621 569)
4(620 672 673 621)
4(672 724 725 673)
4(724 776 777 725)
4(776 828 829 777)
4(828 880 881 829)
4(880 932 933 881)
4(932 984 985 933)
4(984 1036 1037 985)
4(1036 1088 1089 1037)
4(1088 1140 1141 1089)
4(1140 1192 1193 1141)
4(257 309 310 258)
4(1355 361 362 1356)
4(361 413 414 362)
4(413 465 466 414)
4(465 517 518 466)
4(517 569 570 518)
4(569 621 622 570)
4(621 673 674 622)
4(673 725 726 674)
4(725 777 778 726)
4(777 829 830 778)
4(829 881 882 830)
4(881 933 934 882)
4(933 985 986 934)
4(985 1037 1038 986)
4(1037 1089 1090 1038)
4(1089 1141 1142 1090)
4(1141 1193 1194 1142)
4(258 310 311 259)
4(1356 362 363 1357)
4(362 414 415 363)
4(414 466 467 415)
4(466 518 519 467)
4(518 570 571 519)
4(570 622 623 571)
4(622 674 675 623)
4(674 726 727 675)
4(726 778 779 727)
4(778 830 831 779)
4(830 882 883 831)
4(882 934 935 883)
4(934 986 987 935)
4(986 1038 1039 987)
4(1038 1090 1091 1039)
4(1090 1142 1143 1091)
4(1142 1194 1195 1143)
4(259 311 312 260)
4(1357 363 364 1358)
4(363 415 416 364)
4(415 467 468 416)
4(467 519 520 468)
4(519 571 572 520)
4(571 623 624 572)
4(623 675 676 624)
4(675 727 728 676)
4(727 779 780 728)
4(779 831 832 780)
4(831 883 884 832)
4(883 935 936 884)
4(935 987 988 936)
4(987 1039 1040 988)
4(1039 1091 1092 1040)
4(1091 1143 1144 1092)
4(1143 1195 1196 1144)
4(1197 1208 1214 1203)
4(1208 1219 1225 1214)
4(1203 1214 1215 1204)
4(1214 1225 1226 1215)
4(1204 1215 1216 1205)
4(1215 1226 1227 1216)
4(1447 1217 1206 1445)
4(1449 1228 1217 1447)
4(1465 1206 1217 1467)
4(1467 1217 1228 1469)
4(198 1230 1236 204)
4(1230 1241 1247 1236)
4(1241 1252 1258 1247)
4(1252 1263 1269 1258)
4(1263 1274 1280 1269)
4(1274 1285 1291 1280)
4(204 1236 1237 205)
4(1236 1247 1248 1237)
4(1247 1258 1259 1248)
4(1258 1269 1270 1259)
4(1269 1280 1281 1270)
4(1280 1291 1292 1281)
4(205 1237 1238 206)
4(1237 1248 1249 1238)
4(1248 1259 1260 1249)
4(1259 1270 1271 1260)
4(1270 1281 1282 1271)
4(1281 1292 1293 1282)
4(1451 1239 207 1443)
4(1453 1250 1239 1451)
4(1455 1261 1250 1453)
4(1457 1272 1261 1455)
4(1457 1437 1439 1459)
4(1439 1282 1293 1441)
4(1463 207 1239 1471)
4(1471 1239 1250 1473)
4(1473 1250 1261 1475)
4(1475 1261 1272 1477)
4(1477 1272 1283 1479)
4(1479 1283 1294 1481)
4(1418 309 308 1417)
4(1411 302 301 1410)
4(1404 295 294 1403)
4(1397 288 287 1396)
4(1419 310 309 1418)
4(1412 303 302 1411)
4(1405 296 295 1404)
4(1398 289 288 1397)
4(1296 22 28 1302)
4(1420 311 310 1419)
4(1413 304 303 1412)
4(1406 297 296 1405)
4(1399 290 289 1398)
4(1366 18 17 1365)
4(1421 312 311 1420)
4(1414 305 304 1413)
4(1407 298 297 1406)
4(1400 291 290 1399)
4(1367 19 18 1366)
4(1415 306 305 1414)
4(1408 299 298 1407)
4(1401 292 291 1400)
4(1368 20 19 1367)
4(1416 307 306 1415)
4(1409 300 299 1408)
4(1402 293 292 1401)
4(1369 21 20 1368)
4(1417 308 307 1416)
4(1410 301 300 1409)
4(1403 294 293 1402)
4(1396 287 21 1369)
4(1417 1354 1355 1418)
4(1410 1347 1348 1411)
4(1403 1340 1341 1404)
4(1396 1333 1334 1397)
4(1418 1355 1356 1419)
4(1411 1348 1349 1412)
4(1404 1341 1342 1405)
4(1397 1334 1335 1398)
4(1419 1356 1357 1420)
4(1412 1349 1350 1413)
4(1405 1342 1343 1406)
4(1398 1335 1336 1399)
4(1365 1302 1303 1366)
4(1420 1357 1358 1421)
4(1413 1350 1351 1414)
4(1406 1343 1344 1407)
4(1399 1336 1337 1400)
4(1366 1303 1304 1367)
4(1414 1351 1352 1415)
4(1407 1344 1345 1408)
4(1400 1337 1338 1401)
4(1367 1304 1305 1368)
4(1415 1352 1353 1416)
4(1408 1345 1346 1409)
4(1401 1338 1339 1402)
4(1368 1305 1306 1369)
4(1416 1353 1354 1417)
4(1409 1346 1347 1410)
4(1402 1339 1340 1403)
4(1369 1306 1333 1396)
4(1359 1296 1302 1365)
4(1425 1205 1216 1427)
4(1427 1216 1227 1429)
4(1423 206 1238 1431)
4(1431 1238 1249 1433)
4(1433 1249 1260 1435)
4(1435 1260 1271 1437)
4(1437 1271 1282 1439)
4(1461 1294 1283 1459)
4(1453 1433 1435 1455)
4(1455 1435 1437 1457)
4(1459 1283 1272 1457)
4(1459 1439 1441 1461)
4(1445 1425 1427 1447)
4(1447 1427 1429 1449)
4(1443 1423 1431 1451)
4(1451 1431 1433 1453)
4(1485 1465 1467 1487)
4(1487 1467 1469 1489)
4(1483 1463 1471 1491)
4(1491 1471 1473 1493)
4(1493 1473 1475 1495)
4(1495 1475 1477 1497)
4(1497 1477 1479 1499)
4(1499 1479 1481 1501)
4(1505 1485 1487 1507)
4(1507 1487 1489 1509)
4(1503 1483 1491 1511)
4(1511 1491 1493 1513)
4(1513 1493 1495 1515)
4(1515 1495 1497 1517)
4(1517 1497 1499 1519)
4(1519 1499 1501 1521)
4(1525 1505 1507 1527)
4(1527 1507 1509 1529)
4(1523 1503 1511 1531)
4(1531 1511 1513 1533)
4(1533 1513 1515 1535)
4(1535 1515 1517 1537)
4(1537 1517 1519 1539)
4(1539 1519 1521 1541)
4(1545 1525 1527 1547)
4(1547 1527 1529 1549)
4(1543 1523 1531 1551)
4(1551 1531 1533 1553)
4(1553 1533 1535 1555)
4(1555 1535 1537 1557)
4(1557 1537 1539 1559)
4(1559 1539 1541 1561)
4(1565 1545 1547 1567)
4(1567 1547 1549 1569)
4(1563 1543 1551 1571)
4(1571 1551 1553 1573)
4(1573 1553 1555 1575)
4(1575 1555 1557 1577)
4(1577 1557 1559 1579)
4(1579 1559 1561 1581)
4(1585 1565 1567 1587)
4(1587 1567 1569 1589)
4(1583 1563 1571 1591)
4(1591 1571 1573 1593)
4(1593 1573 1575 1595)
4(1595 1575 1577 1597)
4(1597 1577 1579 1599)
4(1599 1579 1581 1601)
4(1605 1585 1587 1607)
4(1607 1587 1589 1609)
4(1603 1583 1591 1611)
4(1611 1591 1593 1613)
4(1613 1593 1595 1615)
4(1615 1595 1597 1617)
4(1617 1597 1599 1619)
4(1619 1599 1601 1621)
4(1625 1605 1607 1627)
4(1627 1607 1609 1629)
4(1623 1603 1611 1631)
4(1631 1611 1613 1633)
4(1633 1613 1615 1635)
4(1635 1615 1617 1637)
4(1637 1617 1619 1639)
4(1639 1619 1621 1641)
4(1645 1625 1627 1647)
4(1647 1627 1629 1649)
4(1643 1623 1631 1651)
4(1651 1631 1633 1653)
4(1653 1633 1635 1655)
4(1655 1635 1637 1657)
4(1657 1637 1639 1659)
4(1659 1639 1641 1661)
4(1665 1645 1647 1667)
4(1667 1647 1649 1669)
4(1663 1643 1651 1671)
4(1671 1651 1653 1673)
4(1673 1653 1655 1675)
4(1675 1655 1657 1677)
4(1677 1657 1659 1679)
4(1679 1659 1661 1681)
4(1685 1665 1667 1687)
4(1687 1667 1669 1689)
4(1683 1663 1671 1691)
4(1691 1671 1673 1693)
4(1693 1673 1675 1695)
4(1695 1675 1677 1697)
4(1697 1677 1679 1699)
4(1699 1679 1681 1701)
4(1705 1685 1687 1707)
4(1707 1687 1689 1709)
4(1703 1683 1691 1711)
4(1711 1691 1693 1713)
4(1713 1693 1695 1715)
4(1715 1695 1697 1717)
4(1717 1697 1699 1719)
4(1719 1699 1701 1721)
4(1725 1705 1707 1727)
4(1727 1707 1709 1729)
4(1723 1703 1711 1731)
4(1731 1711 1713 1733)
4(1733 1713 1715 1735)
4(1735 1715 1717 1737)
4(1737 1717 1719 1739)
4(1739 1719 1721 1741)
4(1745 1725 1727 1747)
4(1747 1727 1729 1749)
4(1743 1723 1731 1751)
4(1751 1731 1733 1753)
4(1753 1733 1735 1755)
4(1755 1735 1737 1757)
4(1757 1737 1739 1759)
4(1759 1739 1741 1761)
4(1765 1745 1747 1767)
4(1767 1747 1749 1769)
4(1763 1743 1751 1771)
4(1771 1751 1753 1773)
4(1773 1753 1755 1775)
4(1775 1755 1757 1777)
4(1777 1757 1759 1779)
4(1779 1759 1761 1781)
4(1767 1218 1207 1765)
4(1769 1229 1218 1767)
4(1771 1240 208 1763)
4(1773 1251 1240 1771)
4(1775 1262 1251 1773)
4(1777 1273 1262 1775)
4(1779 1284 1273 1777)
4(1781 1295 1284 1779)
3(1285 1286 1291)
4(1286 1287 1292 1291)
4(1287 1288 1293 1292)
4(1441 1293 1288 1440)
4(1481 1294 1289 1480)
4(1460 1289 1294 1461)
4(1461 1441 1440 1460)
4(1501 1481 1480 1500)
4(1521 1501 1500 1520)
4(1541 1521 1520 1540)
4(1561 1541 1540 1560)
4(1581 1561 1560 1580)
4(1601 1581 1580 1600)
4(1621 1601 1600 1620)
4(1641 1621 1620 1640)
4(1661 1641 1640 1660)
4(1681 1661 1660 1680)
4(1701 1681 1680 1700)
4(1721 1701 1700 1720)
4(1741 1721 1720 1740)
4(1761 1741 1740 1760)
4(1781 1761 1760 1780)
4(1780 1290 1295 1781)
)


// ************************************************************************* //
