/*--------------------------------*- C++ -*----------------------------------*\
| =========                 |                                                 |
| \\      /  F ield         | OpenFOAM: The Open Source CFD Toolbox           |
|  \\    /   O peration     | Version:  2.3.x                                 |
|   \\  /    A nd           | Web:      www.OpenFOAM.org                      |
|    \\/     M anipulation  |                                                 |
\*---------------------------------------------------------------------------*/
FoamFile
{
    version     2.0;
    format      ascii;
    class       labelList;
    note        "nPoints:2790  nCells:1300  nFaces:5272  nInternalFaces:2502";
    location    "constant/polyMesh";
    object      owner;
}
// * * * * * * * * * * * * * * * * * * * * * * * * * * * * * * * * * * * * * //


5272
(
0
0
1
1
2
2
3
3
4
4
5
5
6
6
7
7
8
8
9
9
10
10
11
11
12
12
13
13
14
14
15
15
16
16
17
17
18
18
19
19
20
20
21
21
22
22
23
23
24
24
25
25
26
26
27
27
28
28
29
29
30
30
31
31
32
32
33
33
34
34
35
35
36
36
37
37
38
38
39
39
40
40
41
41
42
42
43
43
44
44
45
45
46
46
47
47
48
48
48
48
49
50
50
51
51
52
52
53
53
54
54
55
55
56
56
57
57
58
58
59
59
59
59
59
59
59
59
59
59
59
59
59
59
59
59
59
59
59
60
61
61
62
62
63
63
64
64
65
65
66
66
67
67
68
68
69
69
70
70
71
71
72
72
73
74
74
75
75
76
76
77
77
78
78
79
79
80
80
81
81
82
82
83
83
84
84
85
85
86
86
87
87
88
89
90
90
91
91
92
92
93
93
94
94
95
95
96
96
97
97
98
98
99
99
100
100
101
101
102
103
103
104
104
105
105
106
106
107
107
108
108
109
109
110
110
111
111
112
112
113
113
114
114
115
116
117
117
118
118
119
119
120
120
121
121
122
122
123
123
124
124
125
125
126
126
127
127
128
128
129
130
130
131
131
132
132
133
133
134
134
135
135
136
136
137
137
138
138
139
139
140
141
142
142
143
143
144
144
145
145
146
146
147
147
148
148
149
149
150
150
151
151
152
152
153
153
154
155
155
156
156
157
157
158
158
159
159
160
160
161
161
162
162
163
164
165
165
166
166
167
167
168
168
169
169
170
170
171
171
172
172
173
173
174
174
175
175
176
176
177
178
178
179
179
180
180
181
181
182
182
183
183
184
185
186
186
187
187
188
188
189
189
190
190
191
191
192
192
193
193
194
194
195
195
196
196
197
198
199
200
201
202
204
204
205
205
206
206
207
207
208
208
209
209
210
210
211
211
212
212
213
213
214
214
215
215
216
216
217
217
218
218
219
219
220
220
221
221
222
222
223
223
224
224
225
225
226
226
227
227
228
228
229
229
230
230
231
231
232
232
233
233
234
234
235
235
236
236
237
237
238
238
239
239
240
240
241
241
242
242
243
243
244
244
245
245
246
246
247
247
248
248
249
249
250
250
251
251
252
252
253
253
254
254
255
255
256
256
257
257
258
258
259
259
260
260
261
261
262
262
263
263
264
264
265
265
266
266
267
267
268
268
269
269
270
270
271
271
272
272
273
273
274
274
275
275
276
276
277
277
278
278
279
279
280
280
281
281
282
282
283
283
284
284
285
285
286
286
287
287
288
288
289
289
290
290
291
291
292
292
293
293
294
294
295
295
296
296
297
297
298
298
299
299
300
300
301
301
302
302
303
303
304
304
305
305
306
306
307
307
308
308
309
309
310
310
311
311
312
312
313
313
314
314
315
315
316
316
317
317
318
318
319
319
320
320
321
321
322
322
323
323
324
324
325
325
326
326
327
327
328
328
329
329
330
330
331
331
332
332
333
333
334
334
335
335
336
336
337
337
338
338
339
339
340
340
341
341
342
342
343
343
344
344
345
345
346
346
347
347
348
348
349
349
350
350
351
351
352
352
353
353
354
354
355
355
356
356
357
357
358
358
359
359
360
360
361
361
362
362
363
363
364
364
365
365
366
366
367
367
368
368
369
369
370
370
371
371
372
372
373
373
374
374
375
375
376
376
377
377
378
378
379
379
380
380
381
381
382
382
383
383
384
384
385
385
386
386
387
387
388
388
389
389
390
390
391
391
392
392
393
393
394
394
395
395
396
396
397
397
398
398
399
399
400
400
401
401
402
402
403
403
404
404
405
405
406
406
407
407
408
408
409
409
410
410
411
411
412
412
413
413
414
414
415
415
416
416
417
417
418
418
419
419
420
420
421
421
422
422
423
423
424
424
425
425
426
426
427
427
428
428
429
429
430
430
431
431
432
432
433
433
434
434
435
435
436
436
437
437
438
438
439
439
440
440
441
441
442
442
443
443
444
444
445
445
446
446
447
447
448
448
449
449
450
450
451
451
452
452
453
453
454
454
455
455
456
456
457
457
458
458
459
459
460
460
461
461
462
462
463
463
464
464
465
465
466
466
467
467
468
468
469
469
470
470
471
471
472
472
473
473
474
474
475
475
476
476
477
477
478
478
479
479
480
480
481
481
482
482
483
483
484
484
485
485
486
486
487
487
488
488
489
489
490
490
491
491
492
492
493
493
494
494
495
495
496
496
497
497
498
498
499
499
500
500
501
501
502
502
503
503
504
504
505
505
506
506
507
507
508
508
509
509
510
510
511
511
512
512
513
513
514
514
515
515
516
516
517
517
518
518
519
519
520
520
521
521
522
522
523
523
524
524
525
525
526
526
527
527
528
528
529
529
530
530
531
531
532
532
533
533
534
534
535
535
536
536
537
537
538
538
539
539
540
540
541
541
542
542
543
543
544
544
545
545
546
546
547
547
548
548
549
549
550
550
551
551
552
552
553
553
554
554
555
555
556
556
557
557
558
558
559
559
560
560
561
561
562
562
563
563
564
564
565
565
566
566
567
567
568
568
569
569
570
570
571
571
572
572
573
573
574
574
575
575
576
576
577
577
578
578
579
579
580
580
581
581
582
582
583
583
584
584
585
585
586
586
587
587
588
588
589
589
590
590
591
591
592
592
593
593
594
594
595
595
596
596
597
597
598
598
599
599
600
600
601
601
602
602
603
603
604
604
605
605
606
606
607
607
608
608
609
609
610
610
611
611
612
612
613
613
614
614
615
615
616
616
617
617
618
618
619
619
620
620
621
621
622
622
623
623
624
624
625
625
626
626
627
627
628
628
629
629
630
630
631
631
632
632
633
634
634
635
635
636
636
637
637
638
638
639
639
640
640
641
641
642
642
643
643
644
644
645
645
646
646
647
647
648
648
649
649
650
650
651
651
652
652
653
653
654
654
655
655
656
656
657
657
658
658
659
659
660
660
661
661
662
662
663
663
664
665
665
666
666
667
667
668
668
669
669
670
670
671
671
672
672
673
673
674
674
675
675
676
676
677
677
678
678
679
679
680
680
681
681
682
682
683
683
684
684
685
685
686
686
687
687
688
688
689
689
690
690
691
691
692
692
693
693
694
694
695
696
696
697
697
698
698
699
699
700
700
701
701
702
702
703
703
704
704
705
705
706
706
707
707
708
708
709
709
710
710
711
711
712
712
713
713
714
714
715
715
716
716
717
717
718
718
719
719
720
720
721
721
722
722
723
723
724
724
725
725
726
727
727
728
728
729
729
730
730
731
731
732
732
733
733
734
734
735
735
736
736
737
737
738
738
739
739
740
740
741
741
742
742
743
743
744
744
745
745
746
746
747
747
748
748
749
749
750
750
751
751
752
752
753
753
754
754
755
755
756
756
757
758
758
759
759
760
760
761
761
762
762
763
763
764
764
765
765
766
766
767
767
768
768
769
769
770
770
771
771
772
772
773
773
774
774
775
775
776
777
777
778
778
779
779
780
780
781
781
782
782
783
783
784
784
785
785
786
786
787
787
788
789
789
790
790
791
791
792
792
793
793
794
794
795
795
796
796
797
797
798
798
799
799
800
800
801
801
802
802
803
803
804
804
805
805
806
806
807
808
808
809
809
810
810
811
811
812
812
813
813
814
814
815
815
816
816
817
817
818
819
819
820
820
821
821
822
822
823
823
824
824
825
825
826
826
827
827
828
828
829
829
830
830
831
831
832
832
833
833
834
834
835
835
836
836
837
838
838
839
839
840
840
841
841
842
842
843
843
844
844
845
845
846
846
847
848
848
849
849
850
850
851
851
852
852
853
853
854
854
855
855
856
856
857
857
858
858
859
859
860
860
861
861
862
862
863
863
864
864
865
865
866
867
867
868
868
869
869
870
870
871
871
872
872
873
873
874
874
875
876
876
877
877
878
878
879
879
880
880
881
881
882
882
883
883
884
884
885
885
886
886
887
887
888
888
889
889
890
890
891
891
892
892
893
893
894
895
895
896
896
897
897
898
898
899
899
900
900
901
901
902
903
903
904
904
905
905
906
906
907
907
908
908
909
909
910
910
911
911
912
912
913
913
914
914
915
915
916
916
917
917
918
918
919
919
920
920
921
922
922
923
923
924
924
925
925
926
926
927
927
928
929
929
930
930
931
931
932
932
933
933
934
934
935
935
936
936
937
937
938
938
939
939
940
940
941
941
942
942
943
943
944
944
945
945
946
946
947
948
948
949
949
950
950
951
951
952
952
953
954
954
955
955
956
956
957
957
958
958
959
959
960
960
961
961
962
962
963
963
964
964
965
965
966
966
967
967
968
968
969
969
970
970
971
971
972
973
973
974
974
975
975
976
976
977
978
978
979
979
980
980
981
981
982
982
983
983
984
984
985
985
986
986
987
987
988
988
989
989
990
990
991
991
992
992
993
993
994
994
995
995
996
997
997
998
998
999
999
1000
1001
1001
1002
1002
1003
1003
1004
1004
1005
1005
1006
1006
1007
1007
1008
1008
1009
1009
1010
1010
1011
1011
1012
1012
1013
1013
1014
1014
1015
1015
1016
1016
1017
1017
1018
1018
1019
1020
1020
1021
1021
1022
1023
1023
1024
1024
1025
1025
1026
1026
1027
1027
1028
1028
1029
1029
1030
1030
1031
1031
1032
1032
1033
1033
1034
1034
1035
1035
1036
1036
1037
1037
1038
1038
1039
1039
1040
1040
1041
1042
1042
1043
1044
1044
1045
1045
1046
1046
1047
1047
1048
1048
1049
1049
1050
1050
1051
1051
1052
1052
1053
1053
1054
1054
1055
1055
1056
1056
1057
1057
1058
1058
1059
1059
1060
1060
1061
1061
1062
1063
1064
1065
1065
1066
1066
1067
1067
1068
1068
1069
1069
1070
1070
1071
1071
1072
1072
1073
1073
1074
1074
1075
1075
1076
1076
1077
1077
1078
1078
1079
1079
1080
1080
1081
1081
1082
1083
1084
1084
1085
1085
1086
1086
1087
1087
1088
1088
1089
1089
1090
1090
1091
1091
1092
1092
1093
1093
1094
1094
1095
1095
1096
1096
1097
1097
1098
1098
1099
1099
1100
1101
1102
1102
1103
1103
1104
1104
1105
1105
1106
1106
1107
1107
1108
1108
1109
1109
1110
1110
1111
1111
1112
1112
1113
1113
1114
1114
1115
1115
1116
1116
1117
1118
1119
1119
1120
1120
1121
1121
1122
1122
1123
1123
1124
1124
1125
1125
1126
1126
1127
1127
1128
1128
1129
1129
1130
1130
1131
1131
1132
1132
1133
1134
1135
1135
1136
1136
1137
1137
1138
1138
1139
1139
1140
1140
1141
1141
1142
1142
1143
1143
1144
1144
1145
1145
1146
1146
1147
1147
1148
1149
1150
1150
1151
1151
1152
1152
1153
1153
1154
1154
1155
1155
1156
1156
1157
1157
1158
1158
1159
1159
1160
1160
1161
1161
1162
1163
1164
1164
1165
1165
1166
1166
1167
1167
1168
1168
1169
1169
1170
1170
1171
1171
1172
1172
1173
1173
1174
1174
1175
1176
1177
1177
1178
1178
1179
1179
1180
1180
1181
1181
1182
1182
1183
1183
1184
1184
1185
1185
1186
1186
1187
1188
1189
1189
1190
1190
1191
1191
1192
1192
1193
1193
1194
1194
1195
1195
1196
1196
1197
1197
1198
1199
1200
1200
1201
1201
1202
1202
1203
1203
1204
1204
1205
1205
1206
1206
1207
1207
1208
1209
1210
1210
1211
1211
1212
1212
1213
1213
1214
1214
1215
1215
1216
1216
1217
1218
1219
1219
1220
1220
1221
1221
1222
1222
1223
1223
1224
1224
1225
1226
1227
1227
1228
1228
1229
1229
1230
1230
1231
1231
1232
1233
1234
1234
1235
1235
1236
1236
1237
1237
1238
1239
1240
1240
1241
1241
1242
1242
1243
1244
1245
1245
1246
1246
1247
1248
1249
1249
1250
1251
1252
1254
1254
1255
1255
1256
1257
1257
1258
1259
1259
1260
1261
1262
1262
1263
1264
1264
1265
1266
1266
1267
1268
1268
1269
1270
1270
1271
1272
1272
1273
1274
1274
1275
1276
1276
1277
1278
1278
1279
1280
1280
1281
1282
1282
1283
1284
1284
1285
1286
1286
1287
1288
1288
1289
1290
1290
1291
1292
1292
1293
1294
1294
1295
1296
1296
1297
1298
1118
1063
1043
1022
1000
977
953
928
902
875
847
818
788
757
726
695
664
633
1083
1064
1101
1134
1149
1163
1176
1188
1199
1209
1218
1226
1233
1239
1244
1248
1251
1253
71
100
127
152
175
196
215
228
242
257
273
290
308
327
347
368
390
413
437
462
488
515
543
572
602
633
776
807
837
866
894
921
947
972
996
1019
1041
1062
1082
1100
1117
1133
1148
1162
1175
1187
1198
1208
1217
1225
1232
1238
1243
1247
1250
1252
1253
1256
1258
1260
1265
1267
1261
1263
1269
1271
1273
1275
1277
1279
1281
1283
1285
1287
1289
1291
1293
1295
1297
1299
1254
1255
1257
1264
1266
1259
1262
1268
1270
1272
1274
1276
1278
1280
1282
1284
1286
1288
1290
1292
1294
1296
1298
1298
1299
72
101
128
153
176
197
351
310
258
243
229
216
204
186
166
144
120
94
66
55
45
36
28
21
372
292
275
259
244
230
217
205
187
167
145
121
95
67
56
46
37
29
394
311
293
276
260
245
231
218
206
188
168
146
122
96
68
57
47
38
417
331
312
294
277
261
246
232
219
207
189
169
147
123
97
69
58
48
441
352
332
313
295
278
262
247
233
220
208
190
170
148
124
98
70
59
466
374
353
333
314
296
279
263
248
234
221
209
191
171
149
125
99
71
492
397
375
354
334
315
297
280
264
249
235
222
210
192
172
150
126
100
519
421
398
376
355
335
316
298
281
265
250
236
223
211
193
173
151
127
547
446
422
399
377
356
336
317
299
282
266
251
237
224
212
194
174
152
576
472
447
423
400
378
357
337
318
300
283
267
252
238
225
213
195
175
606
499
473
448
424
401
379
358
338
319
301
284
268
253
239
226
214
196
637
527
500
474
449
425
402
380
359
339
320
302
285
269
254
240
227
215
668
556
528
501
475
450
426
403
381
360
340
321
303
286
270
255
241
228
699
586
557
529
502
476
451
427
404
382
361
341
322
304
287
271
256
242
730
617
587
558
530
503
477
452
428
405
383
362
342
323
305
288
272
257
761
649
618
588
559
531
504
478
453
429
406
384
363
343
324
306
289
273
792
681
650
619
589
560
532
505
479
454
430
407
385
364
344
325
307
290
822
713
682
651
620
590
561
533
506
480
455
431
408
386
365
345
326
308
851
745
714
683
652
621
591
562
534
507
481
456
432
409
387
366
346
327
879
777
746
715
684
653
622
592
563
535
508
482
457
433
410
388
367
347
906
808
778
747
716
685
654
623
593
564
536
509
483
458
434
411
389
368
932
838
809
779
748
717
686
655
624
594
565
537
510
484
459
435
412
390
957
867
839
810
780
749
718
687
656
625
595
566
538
511
485
460
436
413
981
895
868
840
811
781
750
719
688
657
626
596
567
539
512
486
461
437
1004
922
896
869
841
812
782
751
720
689
658
627
597
568
540
513
487
462
1026
948
923
897
870
842
813
783
752
721
690
659
628
598
569
541
514
488
1047
973
949
924
898
871
843
814
784
753
722
691
660
629
599
570
542
515
1067
997
974
950
925
899
872
844
815
785
754
723
692
661
630
600
571
543
1085
1020
998
975
951
926
900
873
845
816
786
755
724
693
662
631
601
572
1102
1042
1021
999
976
952
927
901
874
846
817
787
756
725
694
663
632
602
1118
1063
1043
1022
1000
977
953
928
902
875
847
818
788
757
726
695
664
633
1254
1256
1255
1258
1257
1260
1264
1265
1266
1267
15
10
6
3
1
0
22
16
11
7
4
2
30
23
17
12
8
5
60
50
41
33
19
9
73
61
51
42
34
27
545
370
979
790
574
392
1002
820
604
415
1024
849
635
439
1045
877
666
464
274
1065
904
697
490
329
1083
930
728
517
349
955
759
291
516
348
954
758
544
369
978
789
573
391
1001
819
603
414
1023
848
634
438
1044
876
665
463
309
1064
903
696
489
328
929
727
1003
821
605
416
1025
850
636
440
1046
878
667
465
1066
905
698
491
330
1084
931
729
518
350
1101
956
760
546
371
980
791
575
393
762
548
373
1119
982
793
577
395
1134
1005
823
607
418
1027
852
638
442
1048
880
669
467
1068
907
700
493
1086
933
731
520
1103
958
853
639
443
1049
881
670
468
1069
908
701
494
1087
934
732
521
1104
959
763
549
1120
983
794
578
396
1135
1006
824
608
419
1149
1028
882
671
469
1070
909
702
495
1088
935
733
522
1105
960
764
550
1121
984
795
579
1136
1007
825
609
420
1150
1029
854
640
444
1163
1050
910
703
496
1089
936
734
523
1106
961
765
551
1122
985
796
580
1137
1008
826
610
1151
1030
855
641
445
1164
1051
883
672
470
1176
1071
937
735
524
1107
962
766
552
1123
986
797
581
1138
1009
827
611
1152
1031
856
642
1165
1052
884
673
471
1177
1072
911
704
497
1188
1090
705
498
1189
1091
938
736
525
1199
1108
963
767
553
1124
987
798
582
1139
1010
828
612
1153
1032
857
643
1166
1053
885
674
1178
1073
912
737
526
1200
1109
964
768
554
1209
1125
988
799
583
1140
1011
829
613
1154
1033
858
644
1167
1054
886
675
1179
1074
913
706
1190
1092
939
769
555
1210
1126
989
800
584
1218
1141
1012
830
614
1155
1034
859
645
1168
1055
887
676
1180
1075
914
707
1191
1093
940
738
1201
1110
965
801
585
1219
1142
1013
831
615
1226
1156
1035
860
646
1169
1056
888
677
1181
1076
915
708
1192
1094
941
739
1202
1111
966
770
1211
1127
990
832
616
1227
1157
1036
861
647
1233
1170
1057
889
678
1182
1077
916
709
1193
1095
942
740
1203
1112
967
771
1212
1128
991
802
1220
1143
1014
862
648
1234
1171
1058
890
679
1239
1183
1078
917
710
1194
1096
943
741
1204
1113
968
772
1213
1129
992
803
1221
1144
1015
833
1228
1158
1037
891
680
1240
1184
1079
918
711
1244
1195
1097
944
742
1205
1114
969
773
1214
1130
993
804
1222
1145
1016
834
1229
1159
1038
863
1235
1172
1059
774
1215
1131
994
805
1223
1146
1017
835
1230
1160
1039
864
1236
1173
1060
892
1241
1185
1080
919
712
1245
1196
1098
945
743
1248
1206
1115
970
806
1224
1147
1018
836
1231
1161
1040
865
1237
1174
1061
893
1242
1186
1081
920
1246
1197
1099
946
744
1249
1207
1116
971
775
1251
1216
1132
995
837
1232
1162
1041
866
1238
1175
1062
894
1243
1187
1082
921
1247
1198
1100
947
1250
1208
1117
972
776
1252
1217
1133
996
807
1253
1225
1148
1019
1259
1261
39
31
24
18
13
20
49
40
14
32
25
26
1262
1263
1269
74
89
62
52
43
35
1268
1271
75
102
90
63
53
44
1270
1273
76
103
116
91
64
54
1272
1275
77
104
129
117
92
65
1274
1276
1277
78
105
130
141
118
93
1278
1279
79
106
131
154
142
119
1280
1281
80
107
132
155
164
143
1282
1283
81
108
133
156
177
165
1284
1285
82
109
134
157
178
185
1286
1287
83
110
135
158
179
198
1288
1289
84
111
136
159
180
199
1290
1291
85
112
137
160
181
200
1292
1293
86
113
138
161
182
201
1294
1295
87
114
139
162
183
202
1296
1297
88
115
140
163
184
203
1298
1299
72
101
128
153
176
197
351
310
258
243
229
216
204
186
166
144
120
94
66
55
45
36
28
21
372
292
275
259
244
230
217
205
187
167
145
121
95
67
56
46
37
29
394
311
293
276
260
245
231
218
206
188
168
146
122
96
68
57
47
38
417
331
312
294
277
261
246
232
219
207
189
169
147
123
97
69
58
48
441
352
332
313
295
278
262
247
233
220
208
190
170
148
124
98
70
59
466
374
353
333
314
296
279
263
248
234
221
209
191
171
149
125
99
71
492
397
375
354
334
315
297
280
264
249
235
222
210
192
172
150
126
100
519
421
398
376
355
335
316
298
281
265
250
236
223
211
193
173
151
127
547
446
422
399
377
356
336
317
299
282
266
251
237
224
212
194
174
152
576
472
447
423
400
378
357
337
318
300
283
267
252
238
225
213
195
175
606
499
473
448
424
401
379
358
338
319
301
284
268
253
239
226
214
196
637
527
500
474
449
425
402
380
359
339
320
302
285
269
254
240
227
215
668
556
528
501
475
450
426
403
381
360
340
321
303
286
270
255
241
228
699
586
557
529
502
476
451
427
404
382
361
341
322
304
287
271
256
242
730
617
587
558
530
503
477
452
428
405
383
362
342
323
305
288
272
257
761
649
618
588
559
531
504
478
453
429
406
384
363
343
324
306
289
273
792
681
650
619
589
560
532
505
479
454
430
407
385
364
344
325
307
290
822
713
682
651
620
590
561
533
506
480
455
431
408
386
365
345
326
308
851
745
714
683
652
621
591
562
534
507
481
456
432
409
387
366
346
327
879
777
746
715
684
653
622
592
563
535
508
482
457
433
410
388
367
347
906
808
778
747
716
685
654
623
593
564
536
509
483
458
434
411
389
368
932
838
809
779
748
717
686
655
624
594
565
537
510
484
459
435
412
390
957
867
839
810
780
749
718
687
656
625
595
566
538
511
485
460
436
413
981
895
868
840
811
781
750
719
688
657
626
596
567
539
512
486
461
437
1004
922
896
869
841
812
782
751
720
689
658
627
597
568
540
513
487
462
1026
948
923
897
870
842
813
783
752
721
690
659
628
598
569
541
514
488
1047
973
949
924
898
871
843
814
784
753
722
691
660
629
599
570
542
515
1067
997
974
950
925
899
872
844
815
785
754
723
692
661
630
600
571
543
1085
1020
998
975
951
926
900
873
845
816
786
755
724
693
662
631
601
572
1102
1042
1021
999
976
952
927
901
874
846
817
787
756
725
694
663
632
602
1118
1063
1043
1022
1000
977
953
928
902
875
847
818
788
757
726
695
664
633
1254
1256
1255
1258
1257
1260
1264
1265
1266
1267
15
10
6
3
1
0
22
16
11
7
4
2
30
23
17
12
8
5
60
50
41
33
19
9
73
61
51
42
34
27
1024
849
635
439
1045
877
666
464
274
1065
904
697
490
329
1083
930
728
517
349
955
759
545
370
979
790
574
392
1002
820
604
415
1001
819
603
414
1023
848
634
438
1044
876
665
463
309
1064
903
696
489
328
929
727
516
348
954
758
544
369
978
789
573
391
291
980
791
575
393
1003
821
605
416
1025
850
636
440
1046
878
667
465
1066
905
698
491
330
1084
931
729
518
350
1101
956
760
546
371
467
1068
907
700
493
1086
933
731
520
1103
958
762
548
373
1119
982
793
577
395
1134
1005
823
607
418
1027
852
638
442
1048
880
669
494
1087
934
732
521
1104
959
763
549
1120
983
794
578
396
1135
1006
824
608
419
1149
1028
853
639
443
1049
881
670
468
1069
908
701
522
1105
960
764
550
1121
984
795
579
1136
1007
825
609
420
1150
1029
854
640
444
1163
1050
882
671
469
1070
909
702
495
1088
935
733
551
1122
985
796
580
1137
1008
826
610
1151
1030
855
641
445
1164
1051
883
672
470
1176
1071
910
703
496
1089
936
734
523
1106
961
765
581
1138
1009
827
611
1152
1031
856
642
1165
1052
884
673
471
1177
1072
911
704
497
1188
1090
937
735
524
1107
962
766
552
1123
986
797
612
1153
1032
857
643
1166
1053
885
674
1178
1073
912
705
498
1189
1091
938
736
525
1199
1108
963
767
553
1124
987
798
582
1139
1010
828
644
1167
1054
886
675
1179
1074
913
706
1190
1092
939
737
526
1200
1109
964
768
554
1209
1125
988
799
583
1140
1011
829
613
1154
1033
858
676
1180
1075
914
707
1191
1093
940
738
1201
1110
965
769
555
1210
1126
989
800
584
1218
1141
1012
830
614
1155
1034
859
645
1168
1055
887
708
1192
1094
941
739
1202
1111
966
770
1211
1127
990
801
585
1219
1142
1013
831
615
1226
1156
1035
860
646
1169
1056
888
677
1181
1076
915
740
1203
1112
967
771
1212
1128
991
802
1220
1143
1014
832
616
1227
1157
1036
861
647
1233
1170
1057
889
678
1182
1077
916
709
1193
1095
942
772
1213
1129
992
803
1221
1144
1015
833
1228
1158
1037
862
648
1234
1171
1058
890
679
1239
1183
1078
917
710
1194
1096
943
741
1204
1113
968
804
1222
1145
1016
834
1229
1159
1038
863
1235
1172
1059
891
680
1240
1184
1079
918
711
1244
1195
1097
944
742
1205
1114
969
773
1214
1130
993
835
1230
1160
1039
864
1236
1173
1060
892
1241
1185
1080
919
712
1245
1196
1098
945
743
1248
1206
1115
970
774
1215
1131
994
805
1223
1146
1017
865
1237
1174
1061
893
1242
1186
1081
920
1246
1197
1099
946
744
1249
1207
1116
971
775
1251
1216
1132
995
806
1224
1147
1018
836
1231
1161
1040
894
1243
1187
1082
921
1247
1198
1100
947
1250
1208
1117
972
776
1252
1217
1133
996
807
1253
1225
1148
1019
837
1232
1162
1041
866
1238
1175
1062
1259
1261
39
31
24
18
13
20
49
40
14
32
25
26
1262
1263
1268
1269
74
89
62
52
43
35
1270
1271
75
102
90
63
53
44
1272
1273
76
103
116
91
64
54
1274
1275
77
104
129
117
92
65
1276
1277
78
105
130
141
118
93
1278
1279
79
106
131
154
142
119
1280
1281
80
107
132
155
164
143
1282
1283
81
108
133
156
177
165
1284
1285
82
109
134
157
178
185
1286
1287
83
110
135
158
179
198
1288
1289
84
111
136
159
180
199
1290
1291
85
112
137
160
181
200
1292
1293
86
113
138
161
182
201
1294
1295
87
114
139
162
183
202
1296
1297
88
115
140
163
184
203
1298
1299
72
101
128
153
176
197
0
2
5
9
27
20
14
35
44
54
65
93
119
143
165
185
198
199
200
201
202
203
197
)


// ************************************************************************* //
