/*--------------------------------*- C++ -*----------------------------------*\
| =========                 |                                                 |
| \\      /  F ield         | OpenFOAM: The Open Source CFD Toolbox           |
|  \\    /   O peration     | Version:  2.3.x                                 |
|   \\  /    A nd           | Web:      www.OpenFOAM.org                      |
|    \\/     M anipulation  |                                                 |
\*---------------------------------------------------------------------------*/
FoamFile
{
    version     2.0;
    format      ascii;
    class       faceSet;
    location    "constant/polyMesh/sets";
    object      parallelFacesAtImpingedWall;
}
// * * * * * * * * * * * * * * * * * * * * * * * * * * * * * * * * * * * * * //


624
(
1 
3 
4 
5 
8 
11 
12 
14 
16 
18 
19 
21 
22 
24 
26 
28 
29 
31 
32 
34 
36 
38 
39 
41 
43 
44 
46 
48 
50 
51 
53 
55 
56 
58 
60 
62 
64 
66 
67 
69 
71 
73 
74 
76 
78 
80 
82 
84 
85 
87 
89 
91 
93 
94 
96 
98 
100 
102 
104 
105 
107 
109 
111 
113 
115 
116 
118 
120 
122 
124 
126 
127 
129 
131 
133 
135 
137 
139 
140 
142 
144 
146 
148 
150 
151 
153 
155 
157 
159 
161 
163 
165 
166 
168 
170 
172 
174 
176 
177 
179 
181 
183 
185 
187 
189 
191 
193 
194 
196 
198 
200 
202 
204 
205 
207 
209 
211 
213 
215 
217 
219 
221 
223 
224 
226 
228 
230 
232 
234 
235 
237 
239 
241 
243 
245 
247 
249 
251 
253 
255 
256 
258 
260 
262 
264 
266 
267 
269 
271 
273 
275 
277 
279 
281 
283 
285 
287 
289 
290 
292 
294 
296 
298 
300 
301 
303 
305 
307 
309 
311 
313 
315 
317 
319 
321 
323 
325 
326 
328 
330 
332 
334 
336 
337 
339 
341 
343 
345 
347 
349 
351 
353 
355 
357 
359 
361 
363 
364 
366 
368 
370 
372 
374 
375 
377 
379 
381 
383 
385 
387 
389 
391 
393 
395 
397 
399 
401 
403 
404 
406 
408 
410 
412 
414 
415 
417 
419 
421 
423 
425 
427 
429 
431 
433 
435 
437 
439 
441 
443 
445 
446 
448 
450 
452 
454 
456 
457 
459 
461 
463 
465 
467 
469 
471 
473 
475 
477 
479 
481 
483 
485 
487 
489 
490 
492 
494 
496 
498 
500 
502 
503 
505 
507 
509 
511 
513 
515 
517 
519 
521 
523 
525 
527 
529 
531 
533 
535 
536 
538 
540 
542 
544 
546 
548 
549 
551 
553 
555 
557 
559 
561 
563 
565 
567 
569 
571 
573 
575 
577 
579 
581 
582 
584 
586 
588 
590 
592 
594 
595 
597 
599 
601 
603 
605 
607 
609 
611 
613 
615 
617 
619 
621 
623 
625 
627 
628 
630 
632 
634 
636 
639 
640 
642 
644 
646 
648 
650 
652 
654 
656 
658 
660 
662 
664 
666 
668 
670 
672 
673 
675 
677 
679 
682 
683 
685 
687 
689 
691 
693 
695 
697 
699 
701 
703 
705 
707 
709 
711 
713 
715 
716 
718 
720 
723 
724 
726 
728 
730 
732 
734 
736 
738 
740 
742 
744 
746 
748 
750 
752 
754 
756 
757 
759 
762 
764 
766 
768 
770 
772 
774 
776 
778 
780 
782 
784 
786 
788 
790 
792 
794 
795 
797 
799 
801 
803 
805 
807 
809 
811 
813 
815 
817 
819 
821 
823 
825 
827 
829 
831 
832 
834 
836 
838 
840 
842 
844 
846 
848 
850 
852 
854 
856 
858 
860 
862 
864 
866 
868 
869 
871 
873 
875 
877 
879 
881 
883 
885 
887 
889 
891 
893 
895 
897 
899 
901 
903 
905 
906 
907 
909 
911 
913 
915 
917 
919 
921 
923 
925 
927 
929 
931 
933 
935 
937 
939 
940 
941 
943 
945 
947 
949 
951 
953 
955 
957 
959 
961 
963 
965 
967 
969 
971 
972 
974 
976 
978 
980 
982 
984 
986 
988 
990 
992 
994 
996 
998 
1000 
1002 
1004 
1006 
1008 
1010 
1012 
1014 
1016 
1018 
1020 
1022 
1024 
1026 
1028 
1030 
1032 
1034 
1036 
1038 
1040 
1042 
1044 
1046 
1048 
1050 
1052 
1054 
1056 
1058 
1060 
1062 
1064 
1066 
1068 
1070 
1072 
1074 
1076 
1078 
1080 
1082 
1084 
1086 
1088 
1090 
1092 
1094 
1096 
1098 
1100 
1102 
1104 
1106 
1108 
1110 
1112 
1114 
1116 
1118 
1120 
1122 
1124 
1126 
1128 
1130 
1132 
1134 
1136 
1138 
1140 
1142 
1144 
1146 
1148 
1150 
1152 
1154 
1156 
1158 
1160 
1162 
1164 
1166 
1168 
1170 
1172 
1174 
1176 
1178 
1180 
1182 
1184 
1186 
1189 
1192 
1194 
1196 
)

// ************************************************************************* //
