/*--------------------------------*- C++ -*----------------------------------*\
| =========                 |                                                 |
| \\      /  F ield         | OpenFOAM: The Open Source CFD Toolbox           |
|  \\    /   O peration     | Version:  2.3.x                                 |
|   \\  /    A nd           | Web:      www.OpenFOAM.org                      |
|    \\/     M anipulation  |                                                 |
\*---------------------------------------------------------------------------*/
FoamFile
{
    version     2.0;
    format      ascii;
    class       vectorField;
    location    "constant/polyMesh";
    object      points;
}
// * * * * * * * * * * * * * * * * * * * * * * * * * * * * * * * * * * * * * //


1782
(
(0 0 0)
(0.123695502252 -0.00215911156846 0)
(0.234202935964 -0.00408802469937 0)
(0.332928376124 -0.00581128250642 0)
(0.421127985938 -0.00735081138511 0)
(0.499924 -0.0087262 0)
(0.123695502252 0.00215911156846 0)
(0.234202935964 0.00408802469937 0)
(0.332928376124 0.00581128250642 0)
(0.421127985938 0.00735081138511 0)
(0.499924 0.0087262 0)
(0 0 0.0381778372967)
(0.123695502252 -0.00215911156846 0.0381778372967)
(0.234202935964 -0.00408802469937 0.0381778372967)
(0.332928376124 -0.00581128250642 0.0381778372967)
(0.421127985938 -0.00735081138511 0.0381778372967)
(0.499924 -0.0087262 0.0381778372967)
(0.123695502252 0.00215911156846 0.0381778372967)
(0.234202935964 0.00408802469937 0.0381778372967)
(0.332928376124 0.00581128250642 0.0381778372967)
(0.421127985938 0.00735081138511 0.0381778372967)
(0.499924 0.0087262 0.0381778372967)
(0 0 0.0807021201013)
(0.123695502252 -0.00215911156846 0.0807021201013)
(0.234202935964 -0.00408802469937 0.0807021201013)
(0.332928376124 -0.00581128250642 0.0807021201013)
(0.421127985938 -0.00735081138511 0.0807021201013)
(0.499924 -0.0087262 0.0807021201013)
(0.123695502252 0.00215911156846 0.0807021201013)
(0.234202935964 0.00408802469937 0.0807021201013)
(0.332928376124 0.00581128250642 0.0807021201013)
(0.421127985938 0.00735081138511 0.0807021201013)
(0.499924 0.0087262 0.0807021201013)
(0 0 0.128067679706)
(0.123695502252 -0.00215911156846 0.128067679706)
(0.234202935964 -0.00408802469937 0.128067679706)
(0.332928376124 -0.00581128250642 0.128067679706)
(0.421127985938 -0.00735081138511 0.128067679706)
(0.499924 -0.0087262 0.128067679706)
(0.123695502252 0.00215911156846 0.128067679706)
(0.234202935964 0.00408802469937 0.128067679706)
(0.332928376124 0.00581128250642 0.128067679706)
(0.421127985938 0.00735081138511 0.128067679706)
(0.499924 0.0087262 0.128067679706)
(0 0 0.180825682632)
(0.123695502252 -0.00215911156846 0.180825682632)
(0.234202935964 -0.00408802469937 0.180825682632)
(0.332928376124 -0.00581128250642 0.180825682632)
(0.421127985938 -0.00735081138511 0.180825682632)
(0.499924 -0.0087262 0.180825682632)
(0.123695502252 0.00215911156846 0.180825682632)
(0.234202935964 0.00408802469937 0.180825682632)
(0.332928376124 0.00581128250642 0.180825682632)
(0.421127985938 0.00735081138511 0.180825682632)
(0.499924 0.0087262 0.180825682632)
(0 0 0.239590044249)
(0.123695502252 -0.00215911156846 0.239590044249)
(0.234202935964 -0.00408802469937 0.239590044249)
(0.332928376124 -0.00581128250642 0.239590044249)
(0.421127985938 -0.00735081138511 0.239590044249)
(0.499924 -0.0087262 0.239590044249)
(0.123695502252 0.00215911156846 0.239590044249)
(0.234202935964 0.00408802469937 0.239590044249)
(0.332928376124 0.00581128250642 0.239590044249)
(0.421127985938 0.00735081138511 0.239590044249)
(0.499924 0.0087262 0.239590044249)
(0 0 0.305044572561)
(0.123695502252 -0.00215911156846 0.305044572561)
(0.234202935964 -0.00408802469937 0.305044572561)
(0.332928376124 -0.00581128250642 0.305044572561)
(0.421127985938 -0.00735081138511 0.305044572561)
(0.499924 -0.0087262 0.305044572561)
(0.123695502252 0.00215911156846 0.305044572561)
(0.234202935964 0.00408802469937 0.305044572561)
(0.332928376124 0.00581128250642 0.305044572561)
(0.421127985938 0.00735081138511 0.305044572561)
(0.499924 0.0087262 0.305044572561)
(0 0 0.3779509253)
(0.123695502252 -0.00215911156846 0.3779509253)
(0.234202935964 -0.00408802469937 0.3779509253)
(0.332928376124 -0.00581128250642 0.3779509253)
(0.421127985938 -0.00735081138511 0.3779509253)
(0.499924 -0.0087262 0.3779509253)
(0.123695502252 0.00215911156846 0.3779509253)
(0.234202935964 0.00408802469937 0.3779509253)
(0.332928376124 0.00581128250642 0.3779509253)
(0.421127985938 0.00735081138511 0.3779509253)
(0.499924 0.0087262 0.3779509253)
(0 0 0.459157472912)
(0.123695502252 -0.00215911156846 0.459157472912)
(0.234202935964 -0.00408802469937 0.459157472912)
(0.332928376124 -0.00581128250642 0.459157472912)
(0.421127985938 -0.00735081138511 0.459157472912)
(0.499924 -0.0087262 0.459157472912)
(0.123695502252 0.00215911156846 0.459157472912)
(0.234202935964 0.00408802469937 0.459157472912)
(0.332928376124 0.00581128250642 0.459157472912)
(0.421127985938 0.00735081138511 0.459157472912)
(0.499924 0.0087262 0.459157472912)
(0 0 0.549609170565)
(0.123695502252 -0.00215911156846 0.549609170565)
(0.234202935964 -0.00408802469937 0.549609170565)
(0.332928376124 -0.00581128250642 0.549609170565)
(0.421127985938 -0.00735081138511 0.549609170565)
(0.499924 -0.0087262 0.549609170565)
(0.123695502252 0.00215911156846 0.549609170565)
(0.234202935964 0.00408802469937 0.549609170565)
(0.332928376124 0.00581128250642 0.549609170565)
(0.421127985938 0.00735081138511 0.549609170565)
(0.499924 0.0087262 0.549609170565)
(0 0 0.650358554069)
(0.123695502252 -0.00215911156846 0.650358554069)
(0.234202935964 -0.00408802469937 0.650358554069)
(0.332928376124 -0.00581128250642 0.650358554069)
(0.421127985938 -0.00735081138511 0.650358554069)
(0.499924 -0.0087262 0.650358554069)
(0.123695502252 0.00215911156846 0.650358554069)
(0.234202935964 0.00408802469937 0.650358554069)
(0.332928376124 0.00581128250642 0.650358554069)
(0.421127985938 0.00735081138511 0.650358554069)
(0.499924 0.0087262 0.650358554069)
(0 0 0.762577987644)
(0.123695502252 -0.00215911156846 0.762577987644)
(0.234202935964 -0.00408802469937 0.762577987644)
(0.332928376124 -0.00581128250642 0.762577987644)
(0.421127985938 -0.00735081138511 0.762577987644)
(0.499924 -0.0087262 0.762577987644)
(0.123695502252 0.00215911156846 0.762577987644)
(0.234202935964 0.00408802469937 0.762577987644)
(0.332928376124 0.00581128250642 0.762577987644)
(0.421127985938 0.00735081138511 0.762577987644)
(0.499924 0.0087262 0.762577987644)
(0 0 0.887573306064)
(0.123695502252 -0.00215911156846 0.887573306064)
(0.234202935964 -0.00408802469937 0.887573306064)
(0.332928376124 -0.00581128250642 0.887573306064)
(0.421127985938 -0.00735081138511 0.887573306064)
(0.499924 -0.0087262 0.887573306064)
(0.123695502252 0.00215911156846 0.887573306064)
(0.234202935964 0.00408802469937 0.887573306064)
(0.332928376124 0.00581128250642 0.887573306064)
(0.421127985938 0.00735081138511 0.887573306064)
(0.499924 0.0087262 0.887573306064)
(0 0 1.02679900993)
(0.123695502252 -0.00215911156846 1.02679900993)
(0.234202935964 -0.00408802469937 1.02679900993)
(0.332928376124 -0.00581128250642 1.02679900993)
(0.421127985938 -0.00735081138511 1.02679900993)
(0.499924 -0.0087262 1.02679900993)
(0.123695502252 0.00215911156846 1.02679900993)
(0.234202935964 0.00408802469937 1.02679900993)
(0.332928376124 0.00581128250642 1.02679900993)
(0.421127985938 0.00735081138511 1.02679900993)
(0.499924 0.0087262 1.02679900993)
(0 0 1.18187519088)
(0.123695502252 -0.00215911156846 1.18187519088)
(0.234202935964 -0.00408802469937 1.18187519088)
(0.332928376124 -0.00581128250642 1.18187519088)
(0.421127985938 -0.00735081138511 1.18187519088)
(0.499924 -0.0087262 1.18187519088)
(0.123695502252 0.00215911156846 1.18187519088)
(0.234202935964 0.00408802469937 1.18187519088)
(0.332928376124 0.00581128250642 1.18187519088)
(0.421127985938 0.00735081138511 1.18187519088)
(0.499924 0.0087262 1.18187519088)
(0 0 1.35460638369)
(0.123695502252 -0.00215911156846 1.35460638369)
(0.234202935964 -0.00408802469937 1.35460638369)
(0.332928376124 -0.00581128250642 1.35460638369)
(0.421127985938 -0.00735081138511 1.35460638369)
(0.499924 -0.0087262 1.35460638369)
(0.123695502252 0.00215911156846 1.35460638369)
(0.234202935964 0.00408802469937 1.35460638369)
(0.332928376124 0.00581128250642 1.35460638369)
(0.421127985938 0.00735081138511 1.35460638369)
(0.499924 0.0087262 1.35460638369)
(0 0 1.54700256462)
(0.123695502252 -0.00215911156846 1.54700256462)
(0.234202935964 -0.00408802469937 1.54700256462)
(0.332928376124 -0.00581128250642 1.54700256462)
(0.421127985938 -0.00735081138511 1.54700256462)
(0.499924 -0.0087262 1.54700256462)
(0.123695502252 0.00215911156846 1.54700256462)
(0.234202935964 0.00408802469937 1.54700256462)
(0.332928376124 0.00581128250642 1.54700256462)
(0.421127985938 0.00735081138511 1.54700256462)
(0.499924 0.0087262 1.54700256462)
(0 0 1.76130254041)
(0.123695502252 -0.00215911156846 1.76130254041)
(0.234202935964 -0.00408802469937 1.76130254041)
(0.332928376124 -0.00581128250642 1.76130254041)
(0.421127985938 -0.00735081138511 1.76130254041)
(0.499924 -0.0087262 1.76130254041)
(0.123695502252 0.00215911156846 1.76130254041)
(0.234202935964 0.00408802469937 1.76130254041)
(0.332928376124 0.00581128250642 1.76130254041)
(0.421127985938 0.00735081138511 1.76130254041)
(0.499924 0.0087262 1.76130254041)
(0 0 2)
(0.123695502252 -0.00215911156846 2)
(0.234202935964 -0.00408802469937 2)
(0.332928376124 -0.00581128250642 2)
(0.421127985938 -0.00735081138511 2)
(0.499924 -0.0087262 2)
(0.123695502252 0.00215911156846 2)
(0.234202935964 0.00408802469937 2)
(0.332928376124 0.00581128250642 2)
(0.421127985938 0.00735081138511 2)
(0.499924 0.0087262 2)
(0.574035739647 -0.0100198243559 0)
(0.656305795513 -0.0114558525552 0)
(0.747632245606 -0.0130499605972 0)
(0.849012029524 -0.0148195501157 0)
(0.961551831265 -0.0167839383386 0)
(1.08648016004 -0.0189645689595 0)
(1.22516076092 -0.0213852462214 0)
(1.37910750185 -0.0240723947692 0)
(1.55000089925 -0.027055348107 0)
(1.73970646302 -0.0303666688089 0)
(1.95029506078 -0.0340425039793 0)
(2.18406552393 -0.0381229798427 0)
(2.44356974221 -0.0426526397702 0)
(2.73164052071 -0.0476809305251 0)
(3.05142250334 -0.053262742034 0)
(3.40640650049 -0.0594590065781 0)
(3.80046759548 -0.0663373639427 0)
(4.23790744582 -0.0739728997881 0)
(4.72350124103 -0.0824489653017 0)
(5.2625498297 -0.0918580870772 0)
(5.86093758467 -0.102302977155 0)
(6.52519663817 -0.113897654251 0)
(7.26257818799 -0.126768688409 0)
(8.08113165316 -0.141056582664 0)
(8.98979254318 -0.156917306811 0)
(9.99848 -0.174524 0)
(0.574035739647 0.0100198243559 0)
(0.656305795513 0.0114558525552 0)
(0.747632245606 0.0130499605972 0)
(0.849012029524 0.0148195501157 0)
(0.961551831265 0.0167839383386 0)
(1.08648016004 0.0189645689595 0)
(1.22516076092 0.0213852462214 0)
(1.37910750185 0.0240723947692 0)
(1.55000089925 0.027055348107 0)
(1.73970646302 0.0303666688089 0)
(1.95029506078 0.0340425039793 0)
(2.18406552393 0.0381229798427 0)
(2.44356974221 0.0426526397702 0)
(2.73164052071 0.0476809305251 0)
(3.05142250334 0.053262742034 0)
(3.40640650049 0.0594590065781 0)
(3.80046759548 0.0663373639427 0)
(4.23790744582 0.0739728997881 0)
(4.72350124103 0.0824489653017 0)
(5.2625498297 0.0918580870772 0)
(5.86093758467 0.102302977155 0)
(6.52519663817 0.113897654251 0)
(7.26257818799 0.126768688409 0)
(8.08113165316 0.141056582664 0)
(8.98979254318 0.156917306811 0)
(9.99848 0.174524 0)
(0.574035739647 -0.0100198243559 0.0381778372967)
(0.656305795513 -0.0114558525552 0.0381778372967)
(0.747632245606 -0.0130499605972 0.0381778372967)
(0.849012029524 -0.0148195501157 0.0381778372967)
(0.961551831265 -0.0167839383386 0.0381778372967)
(1.08648016004 -0.0189645689595 0.0381778372967)
(1.22516076092 -0.0213852462214 0.0381778372967)
(1.37910750185 -0.0240723947692 0.0381778372967)
(1.55000089925 -0.027055348107 0.0381778372967)
(1.73970646302 -0.0303666688089 0.0381778372967)
(1.95029506078 -0.0340425039793 0.0381778372967)
(2.18406552393 -0.0381229798427 0.0381778372967)
(2.44356974221 -0.0426526397702 0.0381778372967)
(2.73164052071 -0.0476809305251 0.0381778372967)
(3.05142250334 -0.053262742034 0.0381778372967)
(3.40640650049 -0.0594590065781 0.0381778372967)
(3.80046759548 -0.0663373639427 0.0381778372967)
(4.23790744582 -0.0739728997881 0.0381778372967)
(4.72350124103 -0.0824489653017 0.0381778372967)
(5.2625498297 -0.0918580870772 0.0381778372967)
(5.86093758467 -0.102302977155 0.0381778372967)
(6.52519663817 -0.113897654251 0.0381778372967)
(7.26257818799 -0.126768688409 0.0381778372967)
(8.08113165316 -0.141056582664 0.0381778372967)
(8.98979254318 -0.156917306811 0.0381778372967)
(9.99848 -0.174524 0.0381778372967)
(0.574035739647 0.0100198243559 0.0381778372967)
(0.656305795513 0.0114558525552 0.0381778372967)
(0.747632245606 0.0130499605972 0.0381778372967)
(0.849012029524 0.0148195501157 0.0381778372967)
(0.961551831265 0.0167839383386 0.0381778372967)
(1.08648016004 0.0189645689595 0.0381778372967)
(1.22516076092 0.0213852462214 0.0381778372967)
(1.37910750185 0.0240723947692 0.0381778372967)
(1.55000089925 0.027055348107 0.0381778372967)
(1.73970646302 0.0303666688089 0.0381778372967)
(1.95029506078 0.0340425039793 0.0381778372967)
(2.18406552393 0.0381229798427 0.0381778372967)
(2.44356974221 0.0426526397702 0.0381778372967)
(2.73164052071 0.0476809305251 0.0381778372967)
(3.05142250334 0.053262742034 0.0381778372967)
(3.40640650049 0.0594590065781 0.0381778372967)
(3.80046759548 0.0663373639427 0.0381778372967)
(4.23790744582 0.0739728997881 0.0381778372967)
(4.72350124103 0.0824489653017 0.0381778372967)
(5.2625498297 0.0918580870772 0.0381778372967)
(5.86093758467 0.102302977155 0.0381778372967)
(6.52519663817 0.113897654251 0.0381778372967)
(7.26257818799 0.126768688409 0.0381778372967)
(8.08113165316 0.141056582664 0.0381778372967)
(8.98979254318 0.156917306811 0.0381778372967)
(9.99848 0.174524 0.0381778372967)
(0.574035739647 -0.0100198243559 0.0807021201013)
(0.656305795513 -0.0114558525552 0.0807021201013)
(0.747632245606 -0.0130499605972 0.0807021201013)
(0.849012029524 -0.0148195501157 0.0807021201013)
(0.961551831265 -0.0167839383386 0.0807021201013)
(1.08648016004 -0.0189645689595 0.0807021201013)
(1.22516076092 -0.0213852462214 0.0807021201013)
(1.37910750185 -0.0240723947692 0.0807021201013)
(1.55000089925 -0.027055348107 0.0807021201013)
(1.73970646302 -0.0303666688089 0.0807021201013)
(1.95029506078 -0.0340425039793 0.0807021201013)
(2.18406552393 -0.0381229798427 0.0807021201013)
(2.44356974221 -0.0426526397702 0.0807021201013)
(2.73164052071 -0.0476809305251 0.0807021201013)
(3.05142250334 -0.053262742034 0.0807021201013)
(3.40640650049 -0.0594590065781 0.0807021201013)
(3.80046759548 -0.0663373639427 0.0807021201013)
(4.23790744582 -0.0739728997881 0.0807021201013)
(4.72350124103 -0.0824489653017 0.0807021201013)
(5.2625498297 -0.0918580870772 0.0807021201013)
(5.86093758467 -0.102302977155 0.0807021201013)
(6.52519663817 -0.113897654251 0.0807021201013)
(7.26257818799 -0.126768688409 0.0807021201013)
(8.08113165316 -0.141056582664 0.0807021201013)
(8.98979254318 -0.156917306811 0.0807021201013)
(9.99848 -0.174524 0.0807021201013)
(0.574035739647 0.0100198243559 0.0807021201013)
(0.656305795513 0.0114558525552 0.0807021201013)
(0.747632245606 0.0130499605972 0.0807021201013)
(0.849012029524 0.0148195501157 0.0807021201013)
(0.961551831265 0.0167839383386 0.0807021201013)
(1.08648016004 0.0189645689595 0.0807021201013)
(1.22516076092 0.0213852462214 0.0807021201013)
(1.37910750185 0.0240723947692 0.0807021201013)
(1.55000089925 0.027055348107 0.0807021201013)
(1.73970646302 0.0303666688089 0.0807021201013)
(1.95029506078 0.0340425039793 0.0807021201013)
(2.18406552393 0.0381229798427 0.0807021201013)
(2.44356974221 0.0426526397702 0.0807021201013)
(2.73164052071 0.0476809305251 0.0807021201013)
(3.05142250334 0.053262742034 0.0807021201013)
(3.40640650049 0.0594590065781 0.0807021201013)
(3.80046759548 0.0663373639427 0.0807021201013)
(4.23790744582 0.0739728997881 0.0807021201013)
(4.72350124103 0.0824489653017 0.0807021201013)
(5.2625498297 0.0918580870772 0.0807021201013)
(5.86093758467 0.102302977155 0.0807021201013)
(6.52519663817 0.113897654251 0.0807021201013)
(7.26257818799 0.126768688409 0.0807021201013)
(8.08113165316 0.141056582664 0.0807021201013)
(8.98979254318 0.156917306811 0.0807021201013)
(9.99848 0.174524 0.0807021201013)
(0.574035739647 -0.0100198243559 0.128067679706)
(0.656305795513 -0.0114558525552 0.128067679706)
(0.747632245606 -0.0130499605972 0.128067679706)
(0.849012029524 -0.0148195501157 0.128067679706)
(0.961551831265 -0.0167839383386 0.128067679706)
(1.08648016004 -0.0189645689595 0.128067679706)
(1.22516076092 -0.0213852462214 0.128067679706)
(1.37910750185 -0.0240723947692 0.128067679706)
(1.55000089925 -0.027055348107 0.128067679706)
(1.73970646302 -0.0303666688089 0.128067679706)
(1.95029506078 -0.0340425039793 0.128067679706)
(2.18406552393 -0.0381229798427 0.128067679706)
(2.44356974221 -0.0426526397702 0.128067679706)
(2.73164052071 -0.0476809305251 0.128067679706)
(3.05142250334 -0.053262742034 0.128067679706)
(3.40640650049 -0.0594590065781 0.128067679706)
(3.80046759548 -0.0663373639427 0.128067679706)
(4.23790744582 -0.0739728997881 0.128067679706)
(4.72350124103 -0.0824489653017 0.128067679706)
(5.2625498297 -0.0918580870772 0.128067679706)
(5.86093758467 -0.102302977155 0.128067679706)
(6.52519663817 -0.113897654251 0.128067679706)
(7.26257818799 -0.126768688409 0.128067679706)
(8.08113165316 -0.141056582664 0.128067679706)
(8.98979254318 -0.156917306811 0.128067679706)
(9.99848 -0.174524 0.128067679706)
(0.574035739647 0.0100198243559 0.128067679706)
(0.656305795513 0.0114558525552 0.128067679706)
(0.747632245606 0.0130499605972 0.128067679706)
(0.849012029524 0.0148195501157 0.128067679706)
(0.961551831265 0.0167839383386 0.128067679706)
(1.08648016004 0.0189645689595 0.128067679706)
(1.22516076092 0.0213852462214 0.128067679706)
(1.37910750185 0.0240723947692 0.128067679706)
(1.55000089925 0.027055348107 0.128067679706)
(1.73970646302 0.0303666688089 0.128067679706)
(1.95029506078 0.0340425039793 0.128067679706)
(2.18406552393 0.0381229798427 0.128067679706)
(2.44356974221 0.0426526397702 0.128067679706)
(2.73164052071 0.0476809305251 0.128067679706)
(3.05142250334 0.053262742034 0.128067679706)
(3.40640650049 0.0594590065781 0.128067679706)
(3.80046759548 0.0663373639427 0.128067679706)
(4.23790744582 0.0739728997881 0.128067679706)
(4.72350124103 0.0824489653017 0.128067679706)
(5.2625498297 0.0918580870772 0.128067679706)
(5.86093758467 0.102302977155 0.128067679706)
(6.52519663817 0.113897654251 0.128067679706)
(7.26257818799 0.126768688409 0.128067679706)
(8.08113165316 0.141056582664 0.128067679706)
(8.98979254318 0.156917306811 0.128067679706)
(9.99848 0.174524 0.128067679706)
(0.574035739647 -0.0100198243559 0.180825682632)
(0.656305795513 -0.0114558525552 0.180825682632)
(0.747632245606 -0.0130499605972 0.180825682632)
(0.849012029524 -0.0148195501157 0.180825682632)
(0.961551831265 -0.0167839383386 0.180825682632)
(1.08648016004 -0.0189645689595 0.180825682632)
(1.22516076092 -0.0213852462214 0.180825682632)
(1.37910750185 -0.0240723947692 0.180825682632)
(1.55000089925 -0.027055348107 0.180825682632)
(1.73970646302 -0.0303666688089 0.180825682632)
(1.95029506078 -0.0340425039793 0.180825682632)
(2.18406552393 -0.0381229798427 0.180825682632)
(2.44356974221 -0.0426526397702 0.180825682632)
(2.73164052071 -0.0476809305251 0.180825682632)
(3.05142250334 -0.053262742034 0.180825682632)
(3.40640650049 -0.0594590065781 0.180825682632)
(3.80046759548 -0.0663373639427 0.180825682632)
(4.23790744582 -0.0739728997881 0.180825682632)
(4.72350124103 -0.0824489653017 0.180825682632)
(5.2625498297 -0.0918580870772 0.180825682632)
(5.86093758467 -0.102302977155 0.180825682632)
(6.52519663817 -0.113897654251 0.180825682632)
(7.26257818799 -0.126768688409 0.180825682632)
(8.08113165316 -0.141056582664 0.180825682632)
(8.98979254318 -0.156917306811 0.180825682632)
(9.99848 -0.174524 0.180825682632)
(0.574035739647 0.0100198243559 0.180825682632)
(0.656305795513 0.0114558525552 0.180825682632)
(0.747632245606 0.0130499605972 0.180825682632)
(0.849012029524 0.0148195501157 0.180825682632)
(0.961551831265 0.0167839383386 0.180825682632)
(1.08648016004 0.0189645689595 0.180825682632)
(1.22516076092 0.0213852462214 0.180825682632)
(1.37910750185 0.0240723947692 0.180825682632)
(1.55000089925 0.027055348107 0.180825682632)
(1.73970646302 0.0303666688089 0.180825682632)
(1.95029506078 0.0340425039793 0.180825682632)
(2.18406552393 0.0381229798427 0.180825682632)
(2.44356974221 0.0426526397702 0.180825682632)
(2.73164052071 0.0476809305251 0.180825682632)
(3.05142250334 0.053262742034 0.180825682632)
(3.40640650049 0.0594590065781 0.180825682632)
(3.80046759548 0.0663373639427 0.180825682632)
(4.23790744582 0.0739728997881 0.180825682632)
(4.72350124103 0.0824489653017 0.180825682632)
(5.2625498297 0.0918580870772 0.180825682632)
(5.86093758467 0.102302977155 0.180825682632)
(6.52519663817 0.113897654251 0.180825682632)
(7.26257818799 0.126768688409 0.180825682632)
(8.08113165316 0.141056582664 0.180825682632)
(8.98979254318 0.156917306811 0.180825682632)
(9.99848 0.174524 0.180825682632)
(0.574035739647 -0.0100198243559 0.239590044249)
(0.656305795513 -0.0114558525552 0.239590044249)
(0.747632245606 -0.0130499605972 0.239590044249)
(0.849012029524 -0.0148195501157 0.239590044249)
(0.961551831265 -0.0167839383386 0.239590044249)
(1.08648016004 -0.0189645689595 0.239590044249)
(1.22516076092 -0.0213852462214 0.239590044249)
(1.37910750185 -0.0240723947692 0.239590044249)
(1.55000089925 -0.027055348107 0.239590044249)
(1.73970646302 -0.0303666688089 0.239590044249)
(1.95029506078 -0.0340425039793 0.239590044249)
(2.18406552393 -0.0381229798427 0.239590044249)
(2.44356974221 -0.0426526397702 0.239590044249)
(2.73164052071 -0.0476809305251 0.239590044249)
(3.05142250334 -0.053262742034 0.239590044249)
(3.40640650049 -0.0594590065781 0.239590044249)
(3.80046759548 -0.0663373639427 0.239590044249)
(4.23790744582 -0.0739728997881 0.239590044249)
(4.72350124103 -0.0824489653017 0.239590044249)
(5.2625498297 -0.0918580870772 0.239590044249)
(5.86093758467 -0.102302977155 0.239590044249)
(6.52519663817 -0.113897654251 0.239590044249)
(7.26257818799 -0.126768688409 0.239590044249)
(8.08113165316 -0.141056582664 0.239590044249)
(8.98979254318 -0.156917306811 0.239590044249)
(9.99848 -0.174524 0.239590044249)
(0.574035739647 0.0100198243559 0.239590044249)
(0.656305795513 0.0114558525552 0.239590044249)
(0.747632245606 0.0130499605972 0.239590044249)
(0.849012029524 0.0148195501157 0.239590044249)
(0.961551831265 0.0167839383386 0.239590044249)
(1.08648016004 0.0189645689595 0.239590044249)
(1.22516076092 0.0213852462214 0.239590044249)
(1.37910750185 0.0240723947692 0.239590044249)
(1.55000089925 0.027055348107 0.239590044249)
(1.73970646302 0.0303666688089 0.239590044249)
(1.95029506078 0.0340425039793 0.239590044249)
(2.18406552393 0.0381229798427 0.239590044249)
(2.44356974221 0.0426526397702 0.239590044249)
(2.73164052071 0.0476809305251 0.239590044249)
(3.05142250334 0.053262742034 0.239590044249)
(3.40640650049 0.0594590065781 0.239590044249)
(3.80046759548 0.0663373639427 0.239590044249)
(4.23790744582 0.0739728997881 0.239590044249)
(4.72350124103 0.0824489653017 0.239590044249)
(5.2625498297 0.0918580870772 0.239590044249)
(5.86093758467 0.102302977155 0.239590044249)
(6.52519663817 0.113897654251 0.239590044249)
(7.26257818799 0.126768688409 0.239590044249)
(8.08113165316 0.141056582664 0.239590044249)
(8.98979254318 0.156917306811 0.239590044249)
(9.99848 0.174524 0.239590044249)
(0.574035739647 -0.0100198243559 0.305044572561)
(0.656305795513 -0.0114558525552 0.305044572561)
(0.747632245606 -0.0130499605972 0.305044572561)
(0.849012029524 -0.0148195501157 0.305044572561)
(0.961551831265 -0.0167839383386 0.305044572561)
(1.08648016004 -0.0189645689595 0.305044572561)
(1.22516076092 -0.0213852462214 0.305044572561)
(1.37910750185 -0.0240723947692 0.305044572561)
(1.55000089925 -0.027055348107 0.305044572561)
(1.73970646302 -0.0303666688089 0.305044572561)
(1.95029506078 -0.0340425039793 0.305044572561)
(2.18406552393 -0.0381229798427 0.305044572561)
(2.44356974221 -0.0426526397702 0.305044572561)
(2.73164052071 -0.0476809305251 0.305044572561)
(3.05142250334 -0.053262742034 0.305044572561)
(3.40640650049 -0.0594590065781 0.305044572561)
(3.80046759548 -0.0663373639427 0.305044572561)
(4.23790744582 -0.0739728997881 0.305044572561)
(4.72350124103 -0.0824489653017 0.305044572561)
(5.2625498297 -0.0918580870772 0.305044572561)
(5.86093758467 -0.102302977155 0.305044572561)
(6.52519663817 -0.113897654251 0.305044572561)
(7.26257818799 -0.126768688409 0.305044572561)
(8.08113165316 -0.141056582664 0.305044572561)
(8.98979254318 -0.156917306811 0.305044572561)
(9.99848 -0.174524 0.305044572561)
(0.574035739647 0.0100198243559 0.305044572561)
(0.656305795513 0.0114558525552 0.305044572561)
(0.747632245606 0.0130499605972 0.305044572561)
(0.849012029524 0.0148195501157 0.305044572561)
(0.961551831265 0.0167839383386 0.305044572561)
(1.08648016004 0.0189645689595 0.305044572561)
(1.22516076092 0.0213852462214 0.305044572561)
(1.37910750185 0.0240723947692 0.305044572561)
(1.55000089925 0.027055348107 0.305044572561)
(1.73970646302 0.0303666688089 0.305044572561)
(1.95029506078 0.0340425039793 0.305044572561)
(2.18406552393 0.0381229798427 0.305044572561)
(2.44356974221 0.0426526397702 0.305044572561)
(2.73164052071 0.0476809305251 0.305044572561)
(3.05142250334 0.053262742034 0.305044572561)
(3.40640650049 0.0594590065781 0.305044572561)
(3.80046759548 0.0663373639427 0.305044572561)
(4.23790744582 0.0739728997881 0.305044572561)
(4.72350124103 0.0824489653017 0.305044572561)
(5.2625498297 0.0918580870772 0.305044572561)
(5.86093758467 0.102302977155 0.305044572561)
(6.52519663817 0.113897654251 0.305044572561)
(7.26257818799 0.126768688409 0.305044572561)
(8.08113165316 0.141056582664 0.305044572561)
(8.98979254318 0.156917306811 0.305044572561)
(9.99848 0.174524 0.305044572561)
(0.574035739647 -0.0100198243559 0.3779509253)
(0.656305795513 -0.0114558525552 0.3779509253)
(0.747632245606 -0.0130499605972 0.3779509253)
(0.849012029524 -0.0148195501157 0.3779509253)
(0.961551831265 -0.0167839383386 0.3779509253)
(1.08648016004 -0.0189645689595 0.3779509253)
(1.22516076092 -0.0213852462214 0.3779509253)
(1.37910750185 -0.0240723947692 0.3779509253)
(1.55000089925 -0.027055348107 0.3779509253)
(1.73970646302 -0.0303666688089 0.3779509253)
(1.95029506078 -0.0340425039793 0.3779509253)
(2.18406552393 -0.0381229798427 0.3779509253)
(2.44356974221 -0.0426526397702 0.3779509253)
(2.73164052071 -0.0476809305251 0.3779509253)
(3.05142250334 -0.053262742034 0.3779509253)
(3.40640650049 -0.0594590065781 0.3779509253)
(3.80046759548 -0.0663373639427 0.3779509253)
(4.23790744582 -0.0739728997881 0.3779509253)
(4.72350124103 -0.0824489653017 0.3779509253)
(5.2625498297 -0.0918580870772 0.3779509253)
(5.86093758467 -0.102302977155 0.3779509253)
(6.52519663817 -0.113897654251 0.3779509253)
(7.26257818799 -0.126768688409 0.3779509253)
(8.08113165316 -0.141056582664 0.3779509253)
(8.98979254318 -0.156917306811 0.3779509253)
(9.99848 -0.174524 0.3779509253)
(0.574035739647 0.0100198243559 0.3779509253)
(0.656305795513 0.0114558525552 0.3779509253)
(0.747632245606 0.0130499605972 0.3779509253)
(0.849012029524 0.0148195501157 0.3779509253)
(0.961551831265 0.0167839383386 0.3779509253)
(1.08648016004 0.0189645689595 0.3779509253)
(1.22516076092 0.0213852462214 0.3779509253)
(1.37910750185 0.0240723947692 0.3779509253)
(1.55000089925 0.027055348107 0.3779509253)
(1.73970646302 0.0303666688089 0.3779509253)
(1.95029506078 0.0340425039793 0.3779509253)
(2.18406552393 0.0381229798427 0.3779509253)
(2.44356974221 0.0426526397702 0.3779509253)
(2.73164052071 0.0476809305251 0.3779509253)
(3.05142250334 0.053262742034 0.3779509253)
(3.40640650049 0.0594590065781 0.3779509253)
(3.80046759548 0.0663373639427 0.3779509253)
(4.23790744582 0.0739728997881 0.3779509253)
(4.72350124103 0.0824489653017 0.3779509253)
(5.2625498297 0.0918580870772 0.3779509253)
(5.86093758467 0.102302977155 0.3779509253)
(6.52519663817 0.113897654251 0.3779509253)
(7.26257818799 0.126768688409 0.3779509253)
(8.08113165316 0.141056582664 0.3779509253)
(8.98979254318 0.156917306811 0.3779509253)
(9.99848 0.174524 0.3779509253)
(0.574035739647 -0.0100198243559 0.459157472912)
(0.656305795513 -0.0114558525552 0.459157472912)
(0.747632245606 -0.0130499605972 0.459157472912)
(0.849012029524 -0.0148195501157 0.459157472912)
(0.961551831265 -0.0167839383386 0.459157472912)
(1.08648016004 -0.0189645689595 0.459157472912)
(1.22516076092 -0.0213852462214 0.459157472912)
(1.37910750185 -0.0240723947692 0.459157472912)
(1.55000089925 -0.027055348107 0.459157472912)
(1.73970646302 -0.0303666688089 0.459157472912)
(1.95029506078 -0.0340425039793 0.459157472912)
(2.18406552393 -0.0381229798427 0.459157472912)
(2.44356974221 -0.0426526397702 0.459157472912)
(2.73164052071 -0.0476809305251 0.459157472912)
(3.05142250334 -0.053262742034 0.459157472912)
(3.40640650049 -0.0594590065781 0.459157472912)
(3.80046759548 -0.0663373639427 0.459157472912)
(4.23790744582 -0.0739728997881 0.459157472912)
(4.72350124103 -0.0824489653017 0.459157472912)
(5.2625498297 -0.0918580870772 0.459157472912)
(5.86093758467 -0.102302977155 0.459157472912)
(6.52519663817 -0.113897654251 0.459157472912)
(7.26257818799 -0.126768688409 0.459157472912)
(8.08113165316 -0.141056582664 0.459157472912)
(8.98979254318 -0.156917306811 0.459157472912)
(9.99848 -0.174524 0.459157472912)
(0.574035739647 0.0100198243559 0.459157472912)
(0.656305795513 0.0114558525552 0.459157472912)
(0.747632245606 0.0130499605972 0.459157472912)
(0.849012029524 0.0148195501157 0.459157472912)
(0.961551831265 0.0167839383386 0.459157472912)
(1.08648016004 0.0189645689595 0.459157472912)
(1.22516076092 0.0213852462214 0.459157472912)
(1.37910750185 0.0240723947692 0.459157472912)
(1.55000089925 0.027055348107 0.459157472912)
(1.73970646302 0.0303666688089 0.459157472912)
(1.95029506078 0.0340425039793 0.459157472912)
(2.18406552393 0.0381229798427 0.459157472912)
(2.44356974221 0.0426526397702 0.459157472912)
(2.73164052071 0.0476809305251 0.459157472912)
(3.05142250334 0.053262742034 0.459157472912)
(3.40640650049 0.0594590065781 0.459157472912)
(3.80046759548 0.0663373639427 0.459157472912)
(4.23790744582 0.0739728997881 0.459157472912)
(4.72350124103 0.0824489653017 0.459157472912)
(5.2625498297 0.0918580870772 0.459157472912)
(5.86093758467 0.102302977155 0.459157472912)
(6.52519663817 0.113897654251 0.459157472912)
(7.26257818799 0.126768688409 0.459157472912)
(8.08113165316 0.141056582664 0.459157472912)
(8.98979254318 0.156917306811 0.459157472912)
(9.99848 0.174524 0.459157472912)
(0.574035739647 -0.0100198243559 0.549609170565)
(0.656305795513 -0.0114558525552 0.549609170565)
(0.747632245606 -0.0130499605972 0.549609170565)
(0.849012029524 -0.0148195501157 0.549609170565)
(0.961551831265 -0.0167839383386 0.549609170565)
(1.08648016004 -0.0189645689595 0.549609170565)
(1.22516076092 -0.0213852462214 0.549609170565)
(1.37910750185 -0.0240723947692 0.549609170565)
(1.55000089925 -0.027055348107 0.549609170565)
(1.73970646302 -0.0303666688089 0.549609170565)
(1.95029506078 -0.0340425039793 0.549609170565)
(2.18406552393 -0.0381229798427 0.549609170565)
(2.44356974221 -0.0426526397702 0.549609170565)
(2.73164052071 -0.0476809305251 0.549609170565)
(3.05142250334 -0.053262742034 0.549609170565)
(3.40640650049 -0.0594590065781 0.549609170565)
(3.80046759548 -0.0663373639427 0.549609170565)
(4.23790744582 -0.0739728997881 0.549609170565)
(4.72350124103 -0.0824489653017 0.549609170565)
(5.2625498297 -0.0918580870772 0.549609170565)
(5.86093758467 -0.102302977155 0.549609170565)
(6.52519663817 -0.113897654251 0.549609170565)
(7.26257818799 -0.126768688409 0.549609170565)
(8.08113165316 -0.141056582664 0.549609170565)
(8.98979254318 -0.156917306811 0.549609170565)
(9.99848 -0.174524 0.549609170565)
(0.574035739647 0.0100198243559 0.549609170565)
(0.656305795513 0.0114558525552 0.549609170565)
(0.747632245606 0.0130499605972 0.549609170565)
(0.849012029524 0.0148195501157 0.549609170565)
(0.961551831265 0.0167839383386 0.549609170565)
(1.08648016004 0.0189645689595 0.549609170565)
(1.22516076092 0.0213852462214 0.549609170565)
(1.37910750185 0.0240723947692 0.549609170565)
(1.55000089925 0.027055348107 0.549609170565)
(1.73970646302 0.0303666688089 0.549609170565)
(1.95029506078 0.0340425039793 0.549609170565)
(2.18406552393 0.0381229798427 0.549609170565)
(2.44356974221 0.0426526397702 0.549609170565)
(2.73164052071 0.0476809305251 0.549609170565)
(3.05142250334 0.053262742034 0.549609170565)
(3.40640650049 0.0594590065781 0.549609170565)
(3.80046759548 0.0663373639427 0.549609170565)
(4.23790744582 0.0739728997881 0.549609170565)
(4.72350124103 0.0824489653017 0.549609170565)
(5.2625498297 0.0918580870772 0.549609170565)
(5.86093758467 0.102302977155 0.549609170565)
(6.52519663817 0.113897654251 0.549609170565)
(7.26257818799 0.126768688409 0.549609170565)
(8.08113165316 0.141056582664 0.549609170565)
(8.98979254318 0.156917306811 0.549609170565)
(9.99848 0.174524 0.549609170565)
(0.574035739647 -0.0100198243559 0.650358554069)
(0.656305795513 -0.0114558525552 0.650358554069)
(0.747632245606 -0.0130499605972 0.650358554069)
(0.849012029524 -0.0148195501157 0.650358554069)
(0.961551831265 -0.0167839383386 0.650358554069)
(1.08648016004 -0.0189645689595 0.650358554069)
(1.22516076092 -0.0213852462214 0.650358554069)
(1.37910750185 -0.0240723947692 0.650358554069)
(1.55000089925 -0.027055348107 0.650358554069)
(1.73970646302 -0.0303666688089 0.650358554069)
(1.95029506078 -0.0340425039793 0.650358554069)
(2.18406552393 -0.0381229798427 0.650358554069)
(2.44356974221 -0.0426526397702 0.650358554069)
(2.73164052071 -0.0476809305251 0.650358554069)
(3.05142250334 -0.053262742034 0.650358554069)
(3.40640650049 -0.0594590065781 0.650358554069)
(3.80046759548 -0.0663373639427 0.650358554069)
(4.23790744582 -0.0739728997881 0.650358554069)
(4.72350124103 -0.0824489653017 0.650358554069)
(5.2625498297 -0.0918580870772 0.650358554069)
(5.86093758467 -0.102302977155 0.650358554069)
(6.52519663817 -0.113897654251 0.650358554069)
(7.26257818799 -0.126768688409 0.650358554069)
(8.08113165316 -0.141056582664 0.650358554069)
(8.98979254318 -0.156917306811 0.650358554069)
(9.99848 -0.174524 0.650358554069)
(0.574035739647 0.0100198243559 0.650358554069)
(0.656305795513 0.0114558525552 0.650358554069)
(0.747632245606 0.0130499605972 0.650358554069)
(0.849012029524 0.0148195501157 0.650358554069)
(0.961551831265 0.0167839383386 0.650358554069)
(1.08648016004 0.0189645689595 0.650358554069)
(1.22516076092 0.0213852462214 0.650358554069)
(1.37910750185 0.0240723947692 0.650358554069)
(1.55000089925 0.027055348107 0.650358554069)
(1.73970646302 0.0303666688089 0.650358554069)
(1.95029506078 0.0340425039793 0.650358554069)
(2.18406552393 0.0381229798427 0.650358554069)
(2.44356974221 0.0426526397702 0.650358554069)
(2.73164052071 0.0476809305251 0.650358554069)
(3.05142250334 0.053262742034 0.650358554069)
(3.40640650049 0.0594590065781 0.650358554069)
(3.80046759548 0.0663373639427 0.650358554069)
(4.23790744582 0.0739728997881 0.650358554069)
(4.72350124103 0.0824489653017 0.650358554069)
(5.2625498297 0.0918580870772 0.650358554069)
(5.86093758467 0.102302977155 0.650358554069)
(6.52519663817 0.113897654251 0.650358554069)
(7.26257818799 0.126768688409 0.650358554069)
(8.08113165316 0.141056582664 0.650358554069)
(8.98979254318 0.156917306811 0.650358554069)
(9.99848 0.174524 0.650358554069)
(0.574035739647 -0.0100198243559 0.762577987644)
(0.656305795513 -0.0114558525552 0.762577987644)
(0.747632245606 -0.0130499605972 0.762577987644)
(0.849012029524 -0.0148195501157 0.762577987644)
(0.961551831265 -0.0167839383386 0.762577987644)
(1.08648016004 -0.0189645689595 0.762577987644)
(1.22516076092 -0.0213852462214 0.762577987644)
(1.37910750185 -0.0240723947692 0.762577987644)
(1.55000089925 -0.027055348107 0.762577987644)
(1.73970646302 -0.0303666688089 0.762577987644)
(1.95029506078 -0.0340425039793 0.762577987644)
(2.18406552393 -0.0381229798427 0.762577987644)
(2.44356974221 -0.0426526397702 0.762577987644)
(2.73164052071 -0.0476809305251 0.762577987644)
(3.05142250334 -0.053262742034 0.762577987644)
(3.40640650049 -0.0594590065781 0.762577987644)
(3.80046759548 -0.0663373639427 0.762577987644)
(4.23790744582 -0.0739728997881 0.762577987644)
(4.72350124103 -0.0824489653017 0.762577987644)
(5.2625498297 -0.0918580870772 0.762577987644)
(5.86093758467 -0.102302977155 0.762577987644)
(6.52519663817 -0.113897654251 0.762577987644)
(7.26257818799 -0.126768688409 0.762577987644)
(8.08113165316 -0.141056582664 0.762577987644)
(8.98979254318 -0.156917306811 0.762577987644)
(9.99848 -0.174524 0.762577987644)
(0.574035739647 0.0100198243559 0.762577987644)
(0.656305795513 0.0114558525552 0.762577987644)
(0.747632245606 0.0130499605972 0.762577987644)
(0.849012029524 0.0148195501157 0.762577987644)
(0.961551831265 0.0167839383386 0.762577987644)
(1.08648016004 0.0189645689595 0.762577987644)
(1.22516076092 0.0213852462214 0.762577987644)
(1.37910750185 0.0240723947692 0.762577987644)
(1.55000089925 0.027055348107 0.762577987644)
(1.73970646302 0.0303666688089 0.762577987644)
(1.95029506078 0.0340425039793 0.762577987644)
(2.18406552393 0.0381229798427 0.762577987644)
(2.44356974221 0.0426526397702 0.762577987644)
(2.73164052071 0.0476809305251 0.762577987644)
(3.05142250334 0.053262742034 0.762577987644)
(3.40640650049 0.0594590065781 0.762577987644)
(3.80046759548 0.0663373639427 0.762577987644)
(4.23790744582 0.0739728997881 0.762577987644)
(4.72350124103 0.0824489653017 0.762577987644)
(5.2625498297 0.0918580870772 0.762577987644)
(5.86093758467 0.102302977155 0.762577987644)
(6.52519663817 0.113897654251 0.762577987644)
(7.26257818799 0.126768688409 0.762577987644)
(8.08113165316 0.141056582664 0.762577987644)
(8.98979254318 0.156917306811 0.762577987644)
(9.99848 0.174524 0.762577987644)
(0.574035739647 -0.0100198243559 0.887573306064)
(0.656305795513 -0.0114558525552 0.887573306064)
(0.747632245606 -0.0130499605972 0.887573306064)
(0.849012029524 -0.0148195501157 0.887573306064)
(0.961551831265 -0.0167839383386 0.887573306064)
(1.08648016004 -0.0189645689595 0.887573306064)
(1.22516076092 -0.0213852462214 0.887573306064)
(1.37910750185 -0.0240723947692 0.887573306064)
(1.55000089925 -0.027055348107 0.887573306064)
(1.73970646302 -0.0303666688089 0.887573306064)
(1.95029506078 -0.0340425039793 0.887573306064)
(2.18406552393 -0.0381229798427 0.887573306064)
(2.44356974221 -0.0426526397702 0.887573306064)
(2.73164052071 -0.0476809305251 0.887573306064)
(3.05142250334 -0.053262742034 0.887573306064)
(3.40640650049 -0.0594590065781 0.887573306064)
(3.80046759548 -0.0663373639427 0.887573306064)
(4.23790744582 -0.0739728997881 0.887573306064)
(4.72350124103 -0.0824489653017 0.887573306064)
(5.2625498297 -0.0918580870772 0.887573306064)
(5.86093758467 -0.102302977155 0.887573306064)
(6.52519663817 -0.113897654251 0.887573306064)
(7.26257818799 -0.126768688409 0.887573306064)
(8.08113165316 -0.141056582664 0.887573306064)
(8.98979254318 -0.156917306811 0.887573306064)
(9.99848 -0.174524 0.887573306064)
(0.574035739647 0.0100198243559 0.887573306064)
(0.656305795513 0.0114558525552 0.887573306064)
(0.747632245606 0.0130499605972 0.887573306064)
(0.849012029524 0.0148195501157 0.887573306064)
(0.961551831265 0.0167839383386 0.887573306064)
(1.08648016004 0.0189645689595 0.887573306064)
(1.22516076092 0.0213852462214 0.887573306064)
(1.37910750185 0.0240723947692 0.887573306064)
(1.55000089925 0.027055348107 0.887573306064)
(1.73970646302 0.0303666688089 0.887573306064)
(1.95029506078 0.0340425039793 0.887573306064)
(2.18406552393 0.0381229798427 0.887573306064)
(2.44356974221 0.0426526397702 0.887573306064)
(2.73164052071 0.0476809305251 0.887573306064)
(3.05142250334 0.053262742034 0.887573306064)
(3.40640650049 0.0594590065781 0.887573306064)
(3.80046759548 0.0663373639427 0.887573306064)
(4.23790744582 0.0739728997881 0.887573306064)
(4.72350124103 0.0824489653017 0.887573306064)
(5.2625498297 0.0918580870772 0.887573306064)
(5.86093758467 0.102302977155 0.887573306064)
(6.52519663817 0.113897654251 0.887573306064)
(7.26257818799 0.126768688409 0.887573306064)
(8.08113165316 0.141056582664 0.887573306064)
(8.98979254318 0.156917306811 0.887573306064)
(9.99848 0.174524 0.887573306064)
(0.574035739647 -0.0100198243559 1.02679900993)
(0.656305795513 -0.0114558525552 1.02679900993)
(0.747632245606 -0.0130499605972 1.02679900993)
(0.849012029524 -0.0148195501157 1.02679900993)
(0.961551831265 -0.0167839383386 1.02679900993)
(1.08648016004 -0.0189645689595 1.02679900993)
(1.22516076092 -0.0213852462214 1.02679900993)
(1.37910750185 -0.0240723947692 1.02679900993)
(1.55000089925 -0.027055348107 1.02679900993)
(1.73970646302 -0.0303666688089 1.02679900993)
(1.95029506078 -0.0340425039793 1.02679900993)
(2.18406552393 -0.0381229798427 1.02679900993)
(2.44356974221 -0.0426526397702 1.02679900993)
(2.73164052071 -0.0476809305251 1.02679900993)
(3.05142250334 -0.053262742034 1.02679900993)
(3.40640650049 -0.0594590065781 1.02679900993)
(3.80046759548 -0.0663373639427 1.02679900993)
(4.23790744582 -0.0739728997881 1.02679900993)
(4.72350124103 -0.0824489653017 1.02679900993)
(5.2625498297 -0.0918580870772 1.02679900993)
(5.86093758467 -0.102302977155 1.02679900993)
(6.52519663817 -0.113897654251 1.02679900993)
(7.26257818799 -0.126768688409 1.02679900993)
(8.08113165316 -0.141056582664 1.02679900993)
(8.98979254318 -0.156917306811 1.02679900993)
(9.99848 -0.174524 1.02679900993)
(0.574035739647 0.0100198243559 1.02679900993)
(0.656305795513 0.0114558525552 1.02679900993)
(0.747632245606 0.0130499605972 1.02679900993)
(0.849012029524 0.0148195501157 1.02679900993)
(0.961551831265 0.0167839383386 1.02679900993)
(1.08648016004 0.0189645689595 1.02679900993)
(1.22516076092 0.0213852462214 1.02679900993)
(1.37910750185 0.0240723947692 1.02679900993)
(1.55000089925 0.027055348107 1.02679900993)
(1.73970646302 0.0303666688089 1.02679900993)
(1.95029506078 0.0340425039793 1.02679900993)
(2.18406552393 0.0381229798427 1.02679900993)
(2.44356974221 0.0426526397702 1.02679900993)
(2.73164052071 0.0476809305251 1.02679900993)
(3.05142250334 0.053262742034 1.02679900993)
(3.40640650049 0.0594590065781 1.02679900993)
(3.80046759548 0.0663373639427 1.02679900993)
(4.23790744582 0.0739728997881 1.02679900993)
(4.72350124103 0.0824489653017 1.02679900993)
(5.2625498297 0.0918580870772 1.02679900993)
(5.86093758467 0.102302977155 1.02679900993)
(6.52519663817 0.113897654251 1.02679900993)
(7.26257818799 0.126768688409 1.02679900993)
(8.08113165316 0.141056582664 1.02679900993)
(8.98979254318 0.156917306811 1.02679900993)
(9.99848 0.174524 1.02679900993)
(0.574035739647 -0.0100198243559 1.18187519088)
(0.656305795513 -0.0114558525552 1.18187519088)
(0.747632245606 -0.0130499605972 1.18187519088)
(0.849012029524 -0.0148195501157 1.18187519088)
(0.961551831265 -0.0167839383386 1.18187519088)
(1.08648016004 -0.0189645689595 1.18187519088)
(1.22516076092 -0.0213852462214 1.18187519088)
(1.37910750185 -0.0240723947692 1.18187519088)
(1.55000089925 -0.027055348107 1.18187519088)
(1.73970646302 -0.0303666688089 1.18187519088)
(1.95029506078 -0.0340425039793 1.18187519088)
(2.18406552393 -0.0381229798427 1.18187519088)
(2.44356974221 -0.0426526397702 1.18187519088)
(2.73164052071 -0.0476809305251 1.18187519088)
(3.05142250334 -0.053262742034 1.18187519088)
(3.40640650049 -0.0594590065781 1.18187519088)
(3.80046759548 -0.0663373639427 1.18187519088)
(4.23790744582 -0.0739728997881 1.18187519088)
(4.72350124103 -0.0824489653017 1.18187519088)
(5.2625498297 -0.0918580870772 1.18187519088)
(5.86093758467 -0.102302977155 1.18187519088)
(6.52519663817 -0.113897654251 1.18187519088)
(7.26257818799 -0.126768688409 1.18187519088)
(8.08113165316 -0.141056582664 1.18187519088)
(8.98979254318 -0.156917306811 1.18187519088)
(9.99848 -0.174524 1.18187519088)
(0.574035739647 0.0100198243559 1.18187519088)
(0.656305795513 0.0114558525552 1.18187519088)
(0.747632245606 0.0130499605972 1.18187519088)
(0.849012029524 0.0148195501157 1.18187519088)
(0.961551831265 0.0167839383386 1.18187519088)
(1.08648016004 0.0189645689595 1.18187519088)
(1.22516076092 0.0213852462214 1.18187519088)
(1.37910750185 0.0240723947692 1.18187519088)
(1.55000089925 0.027055348107 1.18187519088)
(1.73970646302 0.0303666688089 1.18187519088)
(1.95029506078 0.0340425039793 1.18187519088)
(2.18406552393 0.0381229798427 1.18187519088)
(2.44356974221 0.0426526397702 1.18187519088)
(2.73164052071 0.0476809305251 1.18187519088)
(3.05142250334 0.053262742034 1.18187519088)
(3.40640650049 0.0594590065781 1.18187519088)
(3.80046759548 0.0663373639427 1.18187519088)
(4.23790744582 0.0739728997881 1.18187519088)
(4.72350124103 0.0824489653017 1.18187519088)
(5.2625498297 0.0918580870772 1.18187519088)
(5.86093758467 0.102302977155 1.18187519088)
(6.52519663817 0.113897654251 1.18187519088)
(7.26257818799 0.126768688409 1.18187519088)
(8.08113165316 0.141056582664 1.18187519088)
(8.98979254318 0.156917306811 1.18187519088)
(9.99848 0.174524 1.18187519088)
(0.574035739647 -0.0100198243559 1.35460638369)
(0.656305795513 -0.0114558525552 1.35460638369)
(0.747632245606 -0.0130499605972 1.35460638369)
(0.849012029524 -0.0148195501157 1.35460638369)
(0.961551831265 -0.0167839383386 1.35460638369)
(1.08648016004 -0.0189645689595 1.35460638369)
(1.22516076092 -0.0213852462214 1.35460638369)
(1.37910750185 -0.0240723947692 1.35460638369)
(1.55000089925 -0.027055348107 1.35460638369)
(1.73970646302 -0.0303666688089 1.35460638369)
(1.95029506078 -0.0340425039793 1.35460638369)
(2.18406552393 -0.0381229798427 1.35460638369)
(2.44356974221 -0.0426526397702 1.35460638369)
(2.73164052071 -0.0476809305251 1.35460638369)
(3.05142250334 -0.053262742034 1.35460638369)
(3.40640650049 -0.0594590065781 1.35460638369)
(3.80046759548 -0.0663373639427 1.35460638369)
(4.23790744582 -0.0739728997881 1.35460638369)
(4.72350124103 -0.0824489653017 1.35460638369)
(5.2625498297 -0.0918580870772 1.35460638369)
(5.86093758467 -0.102302977155 1.35460638369)
(6.52519663817 -0.113897654251 1.35460638369)
(7.26257818799 -0.126768688409 1.35460638369)
(8.08113165316 -0.141056582664 1.35460638369)
(8.98979254318 -0.156917306811 1.35460638369)
(9.99848 -0.174524 1.35460638369)
(0.574035739647 0.0100198243559 1.35460638369)
(0.656305795513 0.0114558525552 1.35460638369)
(0.747632245606 0.0130499605972 1.35460638369)
(0.849012029524 0.0148195501157 1.35460638369)
(0.961551831265 0.0167839383386 1.35460638369)
(1.08648016004 0.0189645689595 1.35460638369)
(1.22516076092 0.0213852462214 1.35460638369)
(1.37910750185 0.0240723947692 1.35460638369)
(1.55000089925 0.027055348107 1.35460638369)
(1.73970646302 0.0303666688089 1.35460638369)
(1.95029506078 0.0340425039793 1.35460638369)
(2.18406552393 0.0381229798427 1.35460638369)
(2.44356974221 0.0426526397702 1.35460638369)
(2.73164052071 0.0476809305251 1.35460638369)
(3.05142250334 0.053262742034 1.35460638369)
(3.40640650049 0.0594590065781 1.35460638369)
(3.80046759548 0.0663373639427 1.35460638369)
(4.23790744582 0.0739728997881 1.35460638369)
(4.72350124103 0.0824489653017 1.35460638369)
(5.2625498297 0.0918580870772 1.35460638369)
(5.86093758467 0.102302977155 1.35460638369)
(6.52519663817 0.113897654251 1.35460638369)
(7.26257818799 0.126768688409 1.35460638369)
(8.08113165316 0.141056582664 1.35460638369)
(8.98979254318 0.156917306811 1.35460638369)
(9.99848 0.174524 1.35460638369)
(0.574035739647 -0.0100198243559 1.54700256462)
(0.656305795513 -0.0114558525552 1.54700256462)
(0.747632245606 -0.0130499605972 1.54700256462)
(0.849012029524 -0.0148195501157 1.54700256462)
(0.961551831265 -0.0167839383386 1.54700256462)
(1.08648016004 -0.0189645689595 1.54700256462)
(1.22516076092 -0.0213852462214 1.54700256462)
(1.37910750185 -0.0240723947692 1.54700256462)
(1.55000089925 -0.027055348107 1.54700256462)
(1.73970646302 -0.0303666688089 1.54700256462)
(1.95029506078 -0.0340425039793 1.54700256462)
(2.18406552393 -0.0381229798427 1.54700256462)
(2.44356974221 -0.0426526397702 1.54700256462)
(2.73164052071 -0.0476809305251 1.54700256462)
(3.05142250334 -0.053262742034 1.54700256462)
(3.40640650049 -0.0594590065781 1.54700256462)
(3.80046759548 -0.0663373639427 1.54700256462)
(4.23790744582 -0.0739728997881 1.54700256462)
(4.72350124103 -0.0824489653017 1.54700256462)
(5.2625498297 -0.0918580870772 1.54700256462)
(5.86093758467 -0.102302977155 1.54700256462)
(6.52519663817 -0.113897654251 1.54700256462)
(7.26257818799 -0.126768688409 1.54700256462)
(8.08113165316 -0.141056582664 1.54700256462)
(8.98979254318 -0.156917306811 1.54700256462)
(9.99848 -0.174524 1.54700256462)
(0.574035739647 0.0100198243559 1.54700256462)
(0.656305795513 0.0114558525552 1.54700256462)
(0.747632245606 0.0130499605972 1.54700256462)
(0.849012029524 0.0148195501157 1.54700256462)
(0.961551831265 0.0167839383386 1.54700256462)
(1.08648016004 0.0189645689595 1.54700256462)
(1.22516076092 0.0213852462214 1.54700256462)
(1.37910750185 0.0240723947692 1.54700256462)
(1.55000089925 0.027055348107 1.54700256462)
(1.73970646302 0.0303666688089 1.54700256462)
(1.95029506078 0.0340425039793 1.54700256462)
(2.18406552393 0.0381229798427 1.54700256462)
(2.44356974221 0.0426526397702 1.54700256462)
(2.73164052071 0.0476809305251 1.54700256462)
(3.05142250334 0.053262742034 1.54700256462)
(3.40640650049 0.0594590065781 1.54700256462)
(3.80046759548 0.0663373639427 1.54700256462)
(4.23790744582 0.0739728997881 1.54700256462)
(4.72350124103 0.0824489653017 1.54700256462)
(5.2625498297 0.0918580870772 1.54700256462)
(5.86093758467 0.102302977155 1.54700256462)
(6.52519663817 0.113897654251 1.54700256462)
(7.26257818799 0.126768688409 1.54700256462)
(8.08113165316 0.141056582664 1.54700256462)
(8.98979254318 0.156917306811 1.54700256462)
(9.99848 0.174524 1.54700256462)
(0.574035739647 -0.0100198243559 1.76130254041)
(0.656305795513 -0.0114558525552 1.76130254041)
(0.747632245606 -0.0130499605972 1.76130254041)
(0.849012029524 -0.0148195501157 1.76130254041)
(0.961551831265 -0.0167839383386 1.76130254041)
(1.08648016004 -0.0189645689595 1.76130254041)
(1.22516076092 -0.0213852462214 1.76130254041)
(1.37910750185 -0.0240723947692 1.76130254041)
(1.55000089925 -0.027055348107 1.76130254041)
(1.73970646302 -0.0303666688089 1.76130254041)
(1.95029506078 -0.0340425039793 1.76130254041)
(2.18406552393 -0.0381229798427 1.76130254041)
(2.44356974221 -0.0426526397702 1.76130254041)
(2.73164052071 -0.0476809305251 1.76130254041)
(3.05142250334 -0.053262742034 1.76130254041)
(3.40640650049 -0.0594590065781 1.76130254041)
(3.80046759548 -0.0663373639427 1.76130254041)
(4.23790744582 -0.0739728997881 1.76130254041)
(4.72350124103 -0.0824489653017 1.76130254041)
(5.2625498297 -0.0918580870772 1.76130254041)
(5.86093758467 -0.102302977155 1.76130254041)
(6.52519663817 -0.113897654251 1.76130254041)
(7.26257818799 -0.126768688409 1.76130254041)
(8.08113165316 -0.141056582664 1.76130254041)
(8.98979254318 -0.156917306811 1.76130254041)
(9.99848 -0.174524 1.76130254041)
(0.574035739647 0.0100198243559 1.76130254041)
(0.656305795513 0.0114558525552 1.76130254041)
(0.747632245606 0.0130499605972 1.76130254041)
(0.849012029524 0.0148195501157 1.76130254041)
(0.961551831265 0.0167839383386 1.76130254041)
(1.08648016004 0.0189645689595 1.76130254041)
(1.22516076092 0.0213852462214 1.76130254041)
(1.37910750185 0.0240723947692 1.76130254041)
(1.55000089925 0.027055348107 1.76130254041)
(1.73970646302 0.0303666688089 1.76130254041)
(1.95029506078 0.0340425039793 1.76130254041)
(2.18406552393 0.0381229798427 1.76130254041)
(2.44356974221 0.0426526397702 1.76130254041)
(2.73164052071 0.0476809305251 1.76130254041)
(3.05142250334 0.053262742034 1.76130254041)
(3.40640650049 0.0594590065781 1.76130254041)
(3.80046759548 0.0663373639427 1.76130254041)
(4.23790744582 0.0739728997881 1.76130254041)
(4.72350124103 0.0824489653017 1.76130254041)
(5.2625498297 0.0918580870772 1.76130254041)
(5.86093758467 0.102302977155 1.76130254041)
(6.52519663817 0.113897654251 1.76130254041)
(7.26257818799 0.126768688409 1.76130254041)
(8.08113165316 0.141056582664 1.76130254041)
(8.98979254318 0.156917306811 1.76130254041)
(9.99848 0.174524 1.76130254041)
(0.574035739647 -0.0100198243559 2)
(0.656305795513 -0.0114558525552 2)
(0.747632245606 -0.0130499605972 2)
(0.849012029524 -0.0148195501157 2)
(0.961551831265 -0.0167839383386 2)
(1.08648016004 -0.0189645689595 2)
(1.22516076092 -0.0213852462214 2)
(1.37910750185 -0.0240723947692 2)
(1.55000089925 -0.027055348107 2)
(1.73970646302 -0.0303666688089 2)
(1.95029506078 -0.0340425039793 2)
(2.18406552393 -0.0381229798427 2)
(2.44356974221 -0.0426526397702 2)
(2.73164052071 -0.0476809305251 2)
(3.05142250334 -0.053262742034 2)
(3.40640650049 -0.0594590065781 2)
(3.80046759548 -0.0663373639427 2)
(4.23790744582 -0.0739728997881 2)
(4.72350124103 -0.0824489653017 2)
(5.2625498297 -0.0918580870772 2)
(5.86093758467 -0.102302977155 2)
(6.52519663817 -0.113897654251 2)
(7.26257818799 -0.126768688409 2)
(8.08113165316 -0.141056582664 2)
(8.98979254318 -0.156917306811 2)
(9.99848 -0.174524 2)
(0.574035739647 0.0100198243559 2)
(0.656305795513 0.0114558525552 2)
(0.747632245606 0.0130499605972 2)
(0.849012029524 0.0148195501157 2)
(0.961551831265 0.0167839383386 2)
(1.08648016004 0.0189645689595 2)
(1.22516076092 0.0213852462214 2)
(1.37910750185 0.0240723947692 2)
(1.55000089925 0.027055348107 2)
(1.73970646302 0.0303666688089 2)
(1.95029506078 0.0340425039793 2)
(2.18406552393 0.0381229798427 2)
(2.44356974221 0.0426526397702 2)
(2.73164052071 0.0476809305251 2)
(3.05142250334 0.053262742034 2)
(3.40640650049 0.0594590065781 2)
(3.80046759548 0.0663373639427 2)
(4.23790744582 0.0739728997881 2)
(4.72350124103 0.0824489653017 2)
(5.2625498297 0.0918580870772 2)
(5.86093758467 0.102302977155 2)
(6.52519663817 0.113897654251 2)
(7.26257818799 0.126768688409 2)
(8.08113165316 0.141056582664 2)
(8.98979254318 0.156917306811 2)
(9.99848 0.174524 2)
(0 0 3.1)
(0.123695502252 -0.00215911156846 3.1)
(0.234202935964 -0.00408802469937 3.1)
(0.332928376124 -0.00581128250642 3.1)
(0.421127985938 -0.00735081138511 3.1)
(0.499924 -0.0087262 3.1)
(0.123695502252 0.00215911156846 3.1)
(0.234202935964 0.00408802469937 3.1)
(0.332928376124 0.00581128250642 3.1)
(0.421127985938 0.00735081138511 3.1)
(0.499924 0.0087262 3.1)
(0 0 3.6)
(0.123695502252 -0.00215911156846 3.6)
(0.234202935964 -0.00408802469937 3.6)
(0.332928376124 -0.00581128250642 3.6)
(0.421127985938 -0.00735081138511 3.6)
(0.499924 -0.0087262 3.6)
(0.123695502252 0.00215911156846 3.6)
(0.234202935964 0.00408802469937 3.6)
(0.332928376124 0.00581128250642 3.6)
(0.421127985938 0.00735081138511 3.6)
(0.499924 0.0087262 3.6)
(0 0 4.1)
(0.123695502252 -0.00215911156846 4.1)
(0.234202935964 -0.00408802469937 4.1)
(0.332928376124 -0.00581128250642 4.1)
(0.421127985938 -0.00735081138511 4.1)
(0.499924 -0.0087262 4.1)
(0.123695502252 0.00215911156846 4.1)
(0.234202935964 0.00408802469937 4.1)
(0.332928376124 0.00581128250642 4.1)
(0.421127985938 0.00735081138511 4.1)
(0.499924 0.0087262 4.1)
(0 0 2.16666666667)
(0.123695502252 -0.00215911156846 2.16666666667)
(0.234202935964 -0.00408802469937 2.16666666667)
(0.332928376124 -0.00581128250642 2.16666666667)
(0.421127985938 -0.00735081138511 2.16666666667)
(0.499924 -0.0087262 2.16666666667)
(0.123695502252 0.00215911156846 2.16666666667)
(0.234202935964 0.00408802469937 2.16666666667)
(0.332928376124 0.00581128250642 2.16666666667)
(0.421127985938 0.00735081138511 2.16666666667)
(0.499924 0.0087262 2.16666666667)
(0 0 2.33333333333)
(0.123695502252 -0.00215911156846 2.33333333333)
(0.234202935964 -0.00408802469937 2.33333333333)
(0.332928376124 -0.00581128250642 2.33333333333)
(0.421127985938 -0.00735081138511 2.33333333333)
(0.499924 -0.0087262 2.33333333333)
(0.123695502252 0.00215911156846 2.33333333333)
(0.234202935964 0.00408802469937 2.33333333333)
(0.332928376124 0.00581128250642 2.33333333333)
(0.421127985938 0.00735081138511 2.33333333333)
(0.499924 0.0087262 2.33333333333)
(0 0 2.5)
(0.123695502252 -0.00215911156846 2.5)
(0.234202935964 -0.00408802469937 2.5)
(0.332928376124 -0.00581128250642 2.5)
(0.421127985938 -0.00735081138511 2.5)
(0.499924 -0.0087262 2.5)
(0.123695502252 0.00215911156846 2.5)
(0.234202935964 0.00408802469937 2.5)
(0.332928376124 0.00581128250642 2.5)
(0.421127985938 0.00735081138511 2.5)
(0.499924 0.0087262 2.5)
(0 0 2.66666666667)
(0.123695502252 -0.00215911156846 2.66666666667)
(0.234202935964 -0.00408802469937 2.66666666667)
(0.332928376124 -0.00581128250642 2.66666666667)
(0.421127985938 -0.00735081138511 2.66666666667)
(0.499924 -0.0087262 2.66666666667)
(0.123695502252 0.00215911156846 2.66666666667)
(0.234202935964 0.00408802469937 2.66666666667)
(0.332928376124 0.00581128250642 2.66666666667)
(0.421127985938 0.00735081138511 2.66666666667)
(0.499924 0.0087262 2.66666666667)
(0 0 2.83333333333)
(0.123695502252 -0.00215911156846 2.83333333333)
(0.234202935964 -0.00408802469937 2.83333333333)
(0.332928376124 -0.00581128250642 2.83333333333)
(0.421127985938 -0.00735081138511 2.83333333333)
(0.499924 -0.0087262 2.83333333333)
(0.123695502252 0.00215911156846 2.83333333333)
(0.234202935964 0.00408802469937 2.83333333333)
(0.332928376124 0.00581128250642 2.83333333333)
(0.421127985938 0.00735081138511 2.83333333333)
(0.499924 0.0087262 2.83333333333)
(0 0 3)
(0.123695502252 -0.00215911156846 3)
(0.234202935964 -0.00408802469937 3)
(0.332928376124 -0.00581128250642 3)
(0.421127985938 -0.00735081138511 3)
(0.499924 -0.0087262 3)
(0.123695502252 0.00215911156846 3)
(0.234202935964 0.00408802469937 3)
(0.332928376124 0.00581128250642 3)
(0.421127985938 0.00735081138511 3)
(0.499924 0.0087262 3)
(0 0 0.059439978699)
(0.123695502252 -0.00215911156846 0.059439978699)
(0.234202935964 -0.00408802469937 0.059439978699)
(0.332928376124 -0.00581128250642 0.059439978699)
(0.421127985938 -0.00735081138511 0.059439978699)
(0.499924 -0.0087262 0.059439978699)
(0.123695502252 0.00215911156846 0.059439978699)
(0.234202935964 0.00408802469937 0.059439978699)
(0.332928376124 0.00581128250642 0.059439978699)
(0.421127985938 0.00735081138511 0.059439978699)
(0.499924 0.0087262 0.059439978699)
(0.574035739647 -0.0100198243559 0.059439978699)
(0.656305795513 -0.0114558525552 0.059439978699)
(0.747632245606 -0.0130499605972 0.059439978699)
(0.849012029524 -0.0148195501157 0.059439978699)
(0.961551831265 -0.0167839383386 0.059439978699)
(1.08648016004 -0.0189645689595 0.059439978699)
(1.22516076092 -0.0213852462214 0.059439978699)
(1.37910750185 -0.0240723947692 0.059439978699)
(1.55000089925 -0.027055348107 0.059439978699)
(1.73970646302 -0.0303666688089 0.059439978699)
(1.95029506078 -0.0340425039793 0.059439978699)
(2.18406552393 -0.0381229798427 0.059439978699)
(2.44356974221 -0.0426526397702 0.059439978699)
(2.73164052071 -0.0476809305251 0.059439978699)
(3.05142250334 -0.053262742034 0.059439978699)
(3.40640650049 -0.0594590065781 0.059439978699)
(3.80046759548 -0.0663373639427 0.059439978699)
(4.23790744582 -0.0739728997881 0.059439978699)
(4.72350124103 -0.0824489653017 0.059439978699)
(5.2625498297 -0.0918580870772 0.059439978699)
(5.86093758467 -0.102302977155 0.059439978699)
(6.52519663817 -0.113897654251 0.059439978699)
(7.26257818799 -0.126768688409 0.059439978699)
(8.08113165316 -0.141056582664 0.059439978699)
(8.98979254318 -0.156917306811 0.059439978699)
(9.99848 -0.174524 0.059439978699)
(0.574035739647 0.0100198243559 0.059439978699)
(0.656305795513 0.0114558525552 0.059439978699)
(0.747632245606 0.0130499605972 0.059439978699)
(0.849012029524 0.0148195501157 0.059439978699)
(0.961551831265 0.0167839383386 0.059439978699)
(1.08648016004 0.0189645689595 0.059439978699)
(1.22516076092 0.0213852462214 0.059439978699)
(1.37910750185 0.0240723947692 0.059439978699)
(1.55000089925 0.027055348107 0.059439978699)
(1.73970646302 0.0303666688089 0.059439978699)
(1.95029506078 0.0340425039793 0.059439978699)
(2.18406552393 0.0381229798427 0.059439978699)
(2.44356974221 0.0426526397702 0.059439978699)
(2.73164052071 0.0476809305251 0.059439978699)
(3.05142250334 0.053262742034 0.059439978699)
(3.40640650049 0.0594590065781 0.059439978699)
(3.80046759548 0.0663373639427 0.059439978699)
(4.23790744582 0.0739728997881 0.059439978699)
(4.72350124103 0.0824489653017 0.059439978699)
(5.2625498297 0.0918580870772 0.059439978699)
(5.86093758467 0.102302977155 0.059439978699)
(6.52519663817 0.113897654251 0.059439978699)
(7.26257818799 0.126768688409 0.059439978699)
(8.08113165316 0.141056582664 0.059439978699)
(8.98979254318 0.156917306811 0.059439978699)
(9.99848 0.174524 0.059439978699)
(0 0 0.0488089079979)
(0.123695502252 -0.00215911156846 0.0488089079979)
(0.234202935964 -0.00408802469937 0.0488089079978)
(0.332928376124 -0.00581128250642 0.0488089079978)
(0.421127985938 -0.00735081138511 0.0488089079978)
(0.499924 -0.0087262 0.0488089079978)
(0.123695502252 0.00215911156846 0.0488089079979)
(0.234202935964 0.00408802469937 0.0488089079978)
(0.332928376124 0.00581128250642 0.0488089079978)
(0.421127985938 0.00735081138511 0.0488089079978)
(0.499924 0.0087262 0.0488089079978)
(0.574035739647 -0.0100198243559 0.0488089079978)
(0.656305795513 -0.0114558525552 0.0488089079978)
(0.747632245606 -0.0130499605972 0.0488089079978)
(0.849012029524 -0.0148195501157 0.0488089079978)
(0.961551831265 -0.0167839383386 0.0488089079978)
(1.08648016004 -0.0189645689595 0.0488089079978)
(1.22516076092 -0.0213852462214 0.0488089079978)
(1.37910750185 -0.0240723947692 0.0488089079978)
(1.55000089925 -0.027055348107 0.0488089079978)
(1.73970646302 -0.0303666688089 0.0488089079978)
(1.95029506078 -0.0340425039793 0.0488089079978)
(2.18406552393 -0.0381229798427 0.0488089079978)
(2.44356974221 -0.0426526397702 0.0488089079978)
(2.73164052071 -0.0476809305251 0.0488089079978)
(3.05142250334 -0.053262742034 0.0488089079978)
(3.40640650049 -0.0594590065781 0.0488089079978)
(3.80046759548 -0.0663373639427 0.0488089079978)
(4.23790744582 -0.0739728997881 0.0488089079978)
(4.72350124103 -0.0824489653017 0.0488089079978)
(5.2625498297 -0.0918580870772 0.0488089079978)
(5.86093758467 -0.102302977155 0.0488089079978)
(6.52519663817 -0.113897654251 0.0488089079978)
(7.26257818799 -0.126768688409 0.0488089079978)
(8.08113165316 -0.141056582664 0.0488089079978)
(8.98979254318 -0.156917306811 0.0488089079978)
(9.99848 -0.174524 0.0488089079978)
(0.574035739647 0.0100198243559 0.0488089079978)
(0.656305795513 0.0114558525552 0.0488089079978)
(0.747632245606 0.0130499605972 0.0488089079978)
(0.849012029524 0.0148195501157 0.0488089079978)
(0.961551831265 0.0167839383386 0.0488089079978)
(1.08648016004 0.0189645689595 0.0488089079978)
(1.22516076092 0.0213852462214 0.0488089079978)
(1.37910750185 0.0240723947692 0.0488089079978)
(1.55000089925 0.027055348107 0.0488089079978)
(1.73970646302 0.0303666688089 0.0488089079978)
(1.95029506078 0.0340425039793 0.0488089079978)
(2.18406552393 0.0381229798427 0.0488089079978)
(2.44356974221 0.0426526397702 0.0488089079978)
(2.73164052071 0.0476809305251 0.0488089079978)
(3.05142250334 0.053262742034 0.0488089079978)
(3.40640650049 0.0594590065781 0.0488089079978)
(3.80046759548 0.0663373639427 0.0488089079978)
(4.23790744582 0.0739728997881 0.0488089079978)
(4.72350124103 0.0824489653017 0.0488089079978)
(5.2625498297 0.0918580870772 0.0488089079978)
(5.86093758467 0.102302977155 0.0488089079978)
(6.52519663817 0.113897654251 0.0488089079978)
(7.26257818799 0.126768688409 0.0488089079978)
(8.08113165316 0.141056582664 0.0488089079978)
(8.98979254318 0.156917306811 0.0488089079978)
(9.99848 0.174524 0.0488089079978)
(0.377028181031 -0.00658104694576 2)
(0.377028181031 0.00658104694576 2)
(0.377028181031 -0.00658104694576 3.1)
(0.377028181031 0.00658104694576 3.1)
(0.377028181031 -0.00658104694576 3.6)
(0.377028181031 0.00658104694576 3.6)
(0.377028181031 -0.00658104694576 4.1)
(0.377028181031 0.00658104694576 4.1)
(0.377028181031 -0.00658104694576 2.16666666667)
(0.377028181031 0.00658104694576 2.16666666667)
(0.377028181031 -0.00658104694576 2.33333333333)
(0.377028181031 0.00658104694576 2.33333333333)
(0.377028181031 -0.00658104694576 2.5)
(0.377028181031 0.00658104694576 2.5)
(0.377028181031 -0.00658104694576 2.66666666667)
(0.377028181031 0.00658104694576 2.66666666667)
(0.377028181031 -0.00658104694576 2.83333333333)
(0.377028181031 0.00658104694576 2.83333333333)
(0.377028181031 -0.00658104694576 3)
(0.377028181031 0.00658104694576 3)
(0.399078083485 -0.00696592916543 2)
(0.399078083485 0.00696592916543 2)
(0.399078083485 -0.00696592916543 3.1)
(0.399078083485 0.00696592916543 3.1)
(0.399078083485 -0.00696592916543 3.6)
(0.399078083485 0.00696592916543 3.6)
(0.399078083485 -0.00696592916543 4.1)
(0.399078083485 0.00696592916543 4.1)
(0.399078083485 -0.00696592916543 2.16666666667)
(0.399078083485 0.00696592916543 2.16666666667)
(0.399078083485 -0.00696592916543 2.33333333333)
(0.399078083485 0.00696592916543 2.33333333333)
(0.399078083485 -0.00696592916543 2.5)
(0.399078083485 0.00696592916543 2.5)
(0.399078083485 -0.00696592916543 2.66666666667)
(0.399078083485 0.00696592916543 2.66666666667)
(0.399078083485 -0.00696592916543 2.83333333333)
(0.399078083485 0.00696592916543 2.83333333333)
(0.399078083485 -0.00696592916543 3)
(0.399078083485 0.00696592916543 3)
(0.430531839801 -0.00751495615427 2)
(0.430531839801 0.00751495615427 2)
(0.430531839801 -0.00751495615427 3.1)
(0.430531839801 0.00751495615427 3.1)
(0.430531839801 -0.00751495615427 3.6)
(0.430531839801 0.00751495615427 3.6)
(0.430531839801 -0.00751495615427 4.1)
(0.430531839801 0.00751495615427 4.1)
(0.430531839801 -0.00751495615427 2.16666666667)
(0.430531839801 0.00751495615427 2.16666666667)
(0.430531839801 -0.00751495615427 2.33333333333)
(0.430531839801 0.00751495615427 2.33333333333)
(0.430531839801 -0.00751495615427 2.5)
(0.430531839801 0.00751495615427 2.5)
(0.430531839801 -0.00751495615427 2.66666666667)
(0.430531839801 0.00751495615427 2.66666666667)
(0.430531839801 -0.00751495615427 2.83333333333)
(0.430531839801 0.00751495615427 2.83333333333)
(0.430531839801 -0.00751495615427 3)
(0.430531839801 0.00751495615427 3)
(0.439003772585 -0.00766283419146 2)
(0.439003772585 0.00766283419146 2)
(0.439003772585 -0.00766283419146 3.1)
(0.439003772585 0.00766283419146 3.1)
(0.439003772585 -0.00766283419146 3.6)
(0.439003772585 0.00766283419146 3.6)
(0.439003772585 -0.00766283419146 4.1)
(0.439003772585 0.00766283419146 4.1)
(0.439003772585 -0.00766283419146 2.16666666667)
(0.439003772585 0.00766283419146 2.16666666667)
(0.439003772585 -0.00766283419146 2.33333333333)
(0.439003772585 0.00766283419146 2.33333333333)
(0.439003772585 -0.00766283419146 2.5)
(0.439003772585 0.00766283419146 2.5)
(0.439003772585 -0.00766283419146 2.66666666667)
(0.439003772585 0.00766283419146 2.66666666667)
(0.439003772585 -0.00766283419146 2.83333333333)
(0.439003772585 0.00766283419146 2.83333333333)
(0.439003772585 -0.00766283419146 3)
(0.439003772585 0.00766283419146 3)
(0.446636137587 -0.00779605752837 2)
(0.446636137587 0.00779605752837 2)
(0.446636137587 -0.00779605752837 3.1)
(0.446636137587 0.00779605752837 3.1)
(0.446636137587 -0.00779605752837 3.6)
(0.446636137587 0.00779605752837 3.6)
(0.446636137587 -0.00779605752837 4.1)
(0.446636137587 0.00779605752837 4.1)
(0.446636137587 -0.00779605752837 2.16666666667)
(0.446636137587 0.00779605752837 2.16666666667)
(0.446636137587 -0.00779605752837 2.33333333333)
(0.446636137587 0.00779605752837 2.33333333333)
(0.446636137587 -0.00779605752837 2.5)
(0.446636137587 0.00779605752837 2.5)
(0.446636137587 -0.00779605752837 2.66666666667)
(0.446636137587 0.00779605752837 2.66666666667)
(0.446636137587 -0.00779605752837 2.83333333333)
(0.446636137587 0.00779605752837 2.83333333333)
(0.446636137587 -0.00779605752837 3)
(0.446636137587 0.00779605752837 3)
(0.453512135899 -0.00791607844448 2)
(0.453512135899 0.00791607844448 2)
(0.453512135899 -0.00791607844448 3.1)
(0.453512135899 0.00791607844448 3.1)
(0.453512135899 -0.00791607844448 3.6)
(0.453512135899 0.00791607844448 3.6)
(0.453512135899 -0.00791607844448 4.1)
(0.453512135899 0.00791607844448 4.1)
(0.453512135899 -0.00791607844448 2.16666666667)
(0.453512135899 0.00791607844448 2.16666666667)
(0.453512135899 -0.00791607844448 2.33333333333)
(0.453512135899 0.00791607844448 2.33333333333)
(0.453512135899 -0.00791607844448 2.5)
(0.453512135899 0.00791607844448 2.5)
(0.453512135899 -0.00791607844448 2.66666666667)
(0.453512135899 0.00791607844448 2.66666666667)
(0.453512135899 -0.00791607844448 2.83333333333)
(0.453512135899 0.00791607844448 2.83333333333)
(0.453512135899 -0.00791607844448 3)
(0.453512135899 0.00791607844448 3)
(0.459706723392 -0.00802420529853 2)
(0.459706723392 0.00802420529853 2)
(0.459706723392 -0.00802420529853 3.1)
(0.459706723392 0.00802420529853 3.1)
(0.459706723392 -0.00802420529853 3.6)
(0.459706723392 0.00802420529853 3.6)
(0.459706723392 -0.00802420529853 4.1)
(0.459706723392 0.00802420529853 4.1)
(0.459706723392 -0.00802420529853 2.16666666667)
(0.459706723392 0.00802420529853 2.16666666667)
(0.459706723392 -0.00802420529853 2.33333333333)
(0.459706723392 0.00802420529853 2.33333333333)
(0.459706723392 -0.00802420529853 2.5)
(0.459706723392 0.00802420529853 2.5)
(0.459706723392 -0.00802420529853 2.66666666667)
(0.459706723392 0.00802420529853 2.66666666667)
(0.459706723392 -0.00802420529853 2.83333333333)
(0.459706723392 0.00802420529853 2.83333333333)
(0.459706723392 -0.00802420529853 3)
(0.459706723392 0.00802420529853 3)
(0.465287427817 -0.00812161679099 2)
(0.465287427817 0.00812161679099 2)
(0.465287427817 -0.00812161679099 3.1)
(0.465287427817 0.00812161679099 3.1)
(0.465287427817 -0.00812161679099 3.6)
(0.465287427817 0.00812161679099 3.6)
(0.465287427817 -0.00812161679099 4.1)
(0.465287427817 0.00812161679099 4.1)
(0.465287427817 -0.00812161679099 2.16666666667)
(0.465287427817 0.00812161679099 2.16666666667)
(0.465287427817 -0.00812161679099 2.33333333333)
(0.465287427817 0.00812161679099 2.33333333333)
(0.465287427817 -0.00812161679099 2.5)
(0.465287427817 0.00812161679099 2.5)
(0.465287427817 -0.00812161679099 2.66666666667)
(0.465287427817 0.00812161679099 2.66666666667)
(0.465287427817 -0.00812161679099 2.83333333333)
(0.465287427817 0.00812161679099 2.83333333333)
(0.465287427817 -0.00812161679099 3)
(0.465287427817 0.00812161679099 3)
(0.470315084932 -0.00820937481324 2)
(0.470315084932 0.00820937481324 2)
(0.470315084932 -0.00820937481324 3.1)
(0.470315084932 0.00820937481324 3.1)
(0.470315084932 -0.00820937481324 3.6)
(0.470315084932 0.00820937481324 3.6)
(0.470315084932 -0.00820937481324 4.1)
(0.470315084932 0.00820937481324 4.1)
(0.470315084932 -0.00820937481324 2.16666666667)
(0.470315084932 0.00820937481324 2.16666666667)
(0.470315084932 -0.00820937481324 2.33333333333)
(0.470315084932 0.00820937481324 2.33333333333)
(0.470315084932 -0.00820937481324 2.5)
(0.470315084932 0.00820937481324 2.5)
(0.470315084932 -0.00820937481324 2.66666666667)
(0.470315084932 0.00820937481324 2.66666666667)
(0.470315084932 -0.00820937481324 2.83333333333)
(0.470315084932 0.00820937481324 2.83333333333)
(0.470315084932 -0.00820937481324 3)
(0.470315084932 0.00820937481324 3)
(0.474844501676 -0.00828843602332 2)
(0.474844501676 0.00828843602332 2)
(0.474844501676 -0.00828843602332 3.1)
(0.474844501676 0.00828843602332 3.1)
(0.474844501676 -0.00828843602332 3.6)
(0.474844501676 0.00828843602332 3.6)
(0.474844501676 -0.00828843602332 4.1)
(0.474844501676 0.00828843602332 4.1)
(0.474844501676 -0.00828843602332 2.16666666667)
(0.474844501676 0.00828843602332 2.16666666667)
(0.474844501676 -0.00828843602332 2.33333333333)
(0.474844501676 0.00828843602332 2.33333333333)
(0.474844501676 -0.00828843602332 2.5)
(0.474844501676 0.00828843602332 2.5)
(0.474844501676 -0.00828843602332 2.66666666667)
(0.474844501676 0.00828843602332 2.66666666667)
(0.474844501676 -0.00828843602332 2.83333333333)
(0.474844501676 0.00828843602332 2.83333333333)
(0.474844501676 -0.00828843602332 3)
(0.474844501676 0.00828843602332 3)
(0.478925053625 -0.00835966227455 2)
(0.478925053625 0.00835966227455 2)
(0.478925053625 -0.00835966227455 3.1)
(0.478925053625 0.00835966227455 3.1)
(0.478925053625 -0.00835966227455 3.6)
(0.478925053625 0.00835966227455 3.6)
(0.478925053625 -0.00835966227455 4.1)
(0.478925053625 0.00835966227455 4.1)
(0.478925053625 -0.00835966227455 2.16666666667)
(0.478925053625 0.00835966227455 2.16666666667)
(0.478925053625 -0.00835966227455 2.33333333333)
(0.478925053625 0.00835966227455 2.33333333333)
(0.478925053625 -0.00835966227455 2.5)
(0.478925053625 0.00835966227455 2.5)
(0.478925053625 -0.00835966227455 2.66666666667)
(0.478925053625 0.00835966227455 2.66666666667)
(0.478925053625 -0.00835966227455 2.83333333333)
(0.478925053625 0.00835966227455 2.83333333333)
(0.478925053625 -0.00835966227455 3)
(0.478925053625 0.00835966227455 3)
(0.48260122324 -0.00842383001063 2)
(0.48260122324 0.00842383001063 2)
(0.48260122324 -0.00842383001063 3.1)
(0.48260122324 0.00842383001063 3.1)
(0.48260122324 -0.00842383001063 3.6)
(0.48260122324 0.00842383001063 3.6)
(0.48260122324 -0.00842383001063 4.1)
(0.48260122324 0.00842383001063 4.1)
(0.48260122324 -0.00842383001063 2.16666666667)
(0.48260122324 0.00842383001063 2.16666666667)
(0.48260122324 -0.00842383001063 2.33333333333)
(0.48260122324 0.00842383001063 2.33333333333)
(0.48260122324 -0.00842383001063 2.5)
(0.48260122324 0.00842383001063 2.5)
(0.48260122324 -0.00842383001063 2.66666666667)
(0.48260122324 0.00842383001063 2.66666666667)
(0.48260122324 -0.00842383001063 2.83333333333)
(0.48260122324 0.00842383001063 2.83333333333)
(0.48260122324 -0.00842383001063 3)
(0.48260122324 0.00842383001063 3)
(0.485913084774 -0.0084816387298 2)
(0.485913084774 0.0084816387298 2)
(0.485913084774 -0.0084816387298 3.1)
(0.485913084774 0.0084816387298 3.1)
(0.485913084774 -0.0084816387298 3.6)
(0.485913084774 0.0084816387298 3.6)
(0.485913084774 -0.0084816387298 4.1)
(0.485913084774 0.0084816387298 4.1)
(0.485913084774 -0.0084816387298 2.16666666667)
(0.485913084774 0.0084816387298 2.16666666667)
(0.485913084774 -0.0084816387298 2.33333333333)
(0.485913084774 0.0084816387298 2.33333333333)
(0.485913084774 -0.0084816387298 2.5)
(0.485913084774 0.0084816387298 2.5)
(0.485913084774 -0.0084816387298 2.66666666667)
(0.485913084774 0.0084816387298 2.66666666667)
(0.485913084774 -0.0084816387298 2.83333333333)
(0.485913084774 0.0084816387298 2.83333333333)
(0.485913084774 -0.0084816387298 3)
(0.485913084774 0.0084816387298 3)
(0.488896741126 -0.00853371861006 2)
(0.488896741126 0.00853371861006 2)
(0.488896741126 -0.00853371861006 3.1)
(0.488896741126 0.00853371861006 3.1)
(0.488896741126 -0.00853371861006 3.6)
(0.488896741126 0.00853371861006 3.6)
(0.488896741126 -0.00853371861006 4.1)
(0.488896741126 0.00853371861006 4.1)
(0.488896741126 -0.00853371861006 2.16666666667)
(0.488896741126 0.00853371861006 2.16666666667)
(0.488896741126 -0.00853371861006 2.33333333333)
(0.488896741126 0.00853371861006 2.33333333333)
(0.488896741126 -0.00853371861006 2.5)
(0.488896741126 0.00853371861006 2.5)
(0.488896741126 -0.00853371861006 2.66666666667)
(0.488896741126 0.00853371861006 2.66666666667)
(0.488896741126 -0.00853371861006 2.83333333333)
(0.488896741126 0.00853371861006 2.83333333333)
(0.488896741126 -0.00853371861006 3)
(0.488896741126 0.00853371861006 3)
(0.4915847174 -0.00858063737884 2)
(0.4915847174 0.00858063737884 2)
(0.4915847174 -0.00858063737884 3.1)
(0.4915847174 0.00858063737884 3.1)
(0.4915847174 -0.00858063737884 3.6)
(0.4915847174 0.00858063737884 3.6)
(0.4915847174 -0.00858063737884 4.1)
(0.4915847174 0.00858063737884 4.1)
(0.4915847174 -0.00858063737884 2.16666666667)
(0.4915847174 0.00858063737884 2.16666666667)
(0.4915847174 -0.00858063737884 2.33333333333)
(0.4915847174 0.00858063737884 2.33333333333)
(0.4915847174 -0.00858063737884 2.5)
(0.4915847174 0.00858063737884 2.5)
(0.4915847174 -0.00858063737884 2.66666666667)
(0.4915847174 0.00858063737884 2.66666666667)
(0.4915847174 -0.00858063737884 2.83333333333)
(0.4915847174 0.00858063737884 2.83333333333)
(0.4915847174 -0.00858063737884 3)
(0.4915847174 0.00858063737884 3)
(0.494006315466 -0.00862290650182 2)
(0.494006315466 0.00862290650182 2)
(0.494006315466 -0.00862290650182 3.1)
(0.494006315466 0.00862290650182 3.1)
(0.494006315466 -0.00862290650182 3.6)
(0.494006315466 0.00862290650182 3.6)
(0.494006315466 -0.00862290650182 4.1)
(0.494006315466 0.00862290650182 4.1)
(0.494006315466 -0.00862290650182 2.16666666667)
(0.494006315466 0.00862290650182 2.16666666667)
(0.494006315466 -0.00862290650182 2.33333333333)
(0.494006315466 0.00862290650182 2.33333333333)
(0.494006315466 -0.00862290650182 2.5)
(0.494006315466 0.00862290650182 2.5)
(0.494006315466 -0.00862290650182 2.66666666667)
(0.494006315466 0.00862290650182 2.66666666667)
(0.494006315466 -0.00862290650182 2.83333333333)
(0.494006315466 0.00862290650182 2.83333333333)
(0.494006315466 -0.00862290650182 3)
(0.494006315466 0.00862290650182 3)
(0.496187933379 -0.00866098675848 2)
(0.496187933379 0.00866098675848 2)
(0.496187933379 -0.00866098675848 3.1)
(0.496187933379 0.00866098675848 3.1)
(0.496187933379 -0.00866098675848 3.6)
(0.496187933379 0.00866098675848 3.6)
(0.496187933379 -0.00866098675848 4.1)
(0.496187933379 0.00866098675848 4.1)
(0.496187933379 -0.00866098675848 2.16666666667)
(0.496187933379 0.00866098675848 2.16666666667)
(0.496187933379 -0.00866098675848 2.33333333333)
(0.496187933379 0.00866098675848 2.33333333333)
(0.496187933379 -0.00866098675848 2.5)
(0.496187933379 0.00866098675848 2.5)
(0.496187933379 -0.00866098675848 2.66666666667)
(0.496187933379 0.00866098675848 2.66666666667)
(0.496187933379 -0.00866098675848 2.83333333333)
(0.496187933379 0.00866098675848 2.83333333333)
(0.496187933379 -0.00866098675848 3)
(0.496187933379 0.00866098675848 3)
(0.498153353151 -0.00869529326511 2)
(0.498153353151 0.00869529326511 2)
(0.498153353151 -0.00869529326511 3.1)
(0.498153353151 0.00869529326511 3.1)
(0.498153353151 -0.00869529326511 3.6)
(0.498153353151 0.00869529326511 3.6)
(0.498153353151 -0.00869529326511 4.1)
(0.498153353151 0.00869529326511 4.1)
(0.498153353151 -0.00869529326511 2.16666666667)
(0.498153353151 0.00869529326511 2.16666666667)
(0.498153353151 -0.00869529326511 2.33333333333)
(0.498153353151 0.00869529326511 2.33333333333)
(0.498153353151 -0.00869529326511 2.5)
(0.498153353151 0.00869529326511 2.5)
(0.498153353151 -0.00869529326511 2.66666666667)
(0.498153353151 0.00869529326511 2.66666666667)
(0.498153353151 -0.00869529326511 2.83333333333)
(0.498153353151 0.00869529326511 2.83333333333)
(0.498153353151 -0.00869529326511 3)
(0.498153353151 0.00869529326511 3)
)


// ************************************************************************* //
