/*--------------------------------*- C++ -*----------------------------------*\
| =========                 |                                                 |
| \\      /  F ield         | OpenFOAM: The Open Source CFD Toolbox           |
|  \\    /   O peration     | Version:  2.3.x                                 |
|   \\  /    A nd           | Web:      www.OpenFOAM.org                      |
|    \\/     M anipulation  |                                                 |
\*---------------------------------------------------------------------------*/
FoamFile
{
    version     2.0;
    format      ascii;
    class       faceSet;
    location    "constant/polyMesh/sets";
    object      parallelFacesAtExtPipeWall;
}
// * * * * * * * * * * * * * * * * * * * * * * * * * * * * * * * * * * * * * //


1120
(
0 
3 
8 
9 
12 
13 
16 
18 
21 
24 
27 
29 
32 
35 
38 
40 
42 
45 
48 
51 
53 
55 
58 
60 
63 
66 
68 
70 
72 
75 
77 
79 
82 
85 
87 
89 
91 
94 
96 
98 
100 
103 
106 
108 
110 
112 
115 
117 
119 
121 
123 
126 
129 
131 
133 
135 
138 
140 
142 
144 
146 
148 
151 
154 
156 
158 
160 
163 
165 
167 
169 
171 
173 
175 
178 
181 
183 
185 
187 
190 
192 
194 
196 
198 
200 
202 
204 
207 
210 
212 
214 
216 
219 
221 
223 
225 
227 
229 
231 
233 
235 
238 
241 
243 
245 
247 
250 
252 
254 
256 
258 
260 
262 
264 
266 
268 
271 
274 
276 
278 
280 
283 
285 
287 
289 
291 
293 
295 
297 
299 
301 
303 
306 
309 
311 
313 
315 
318 
320 
322 
324 
326 
328 
330 
332 
334 
336 
338 
340 
343 
346 
348 
350 
352 
355 
357 
359 
361 
363 
365 
367 
369 
371 
373 
375 
377 
379 
382 
385 
387 
389 
391 
394 
396 
398 
400 
402 
404 
406 
408 
410 
412 
414 
416 
418 
420 
423 
426 
428 
430 
432 
435 
437 
439 
441 
443 
445 
447 
449 
451 
453 
455 
457 
459 
461 
463 
466 
469 
471 
473 
475 
478 
480 
482 
484 
486 
488 
490 
492 
494 
496 
498 
500 
502 
504 
506 
508 
511 
514 
517 
519 
521 
523 
526 
528 
530 
532 
534 
536 
538 
540 
542 
544 
546 
548 
550 
552 
554 
556 
559 
563 
564 
566 
568 
570 
572 
574 
576 
578 
580 
582 
584 
586 
588 
590 
592 
594 
596 
598 
600 
602 
604 
607 
611 
612 
614 
616 
618 
620 
622 
624 
626 
628 
630 
632 
634 
636 
638 
640 
642 
644 
646 
648 
650 
652 
655 
659 
660 
662 
664 
665 
667 
669 
671 
673 
675 
677 
679 
681 
683 
685 
687 
689 
691 
693 
695 
697 
699 
702 
706 
707 
709 
710 
712 
714 
716 
718 
720 
722 
724 
726 
728 
730 
732 
734 
736 
738 
740 
742 
744 
747 
750 
752 
753 
755 
757 
759 
761 
763 
765 
767 
769 
771 
773 
775 
777 
779 
781 
783 
785 
787 
790 
793 
795 
796 
798 
800 
802 
804 
806 
808 
810 
812 
814 
816 
818 
820 
822 
824 
826 
828 
831 
834 
836 
838 
840 
842 
844 
846 
848 
850 
852 
854 
856 
858 
860 
862 
864 
866 
869 
872 
874 
876 
878 
880 
882 
884 
886 
888 
890 
892 
894 
896 
898 
900 
902 
904 
907 
910 
912 
914 
916 
918 
920 
922 
924 
926 
928 
930 
932 
934 
936 
938 
940 
942 
947 
949 
951 
953 
955 
957 
959 
961 
963 
965 
967 
969 
971 
973 
975 
977 
981 
983 
985 
987 
989 
991 
993 
995 
997 
999 
1001 
1003 
1005 
1007 
1009 
1012 
1014 
1016 
1018 
1020 
1022 
1024 
1026 
1028 
1030 
1032 
1034 
1036 
1038 
1040 
1042 
1044 
1046 
1048 
1050 
1052 
1054 
1056 
1058 
1060 
1062 
1064 
1066 
1068 
1070 
1072 
1074 
1076 
1078 
1080 
1082 
1084 
1086 
1088 
1090 
1092 
1094 
1096 
1098 
1100 
1102 
1104 
1106 
1108 
1110 
1112 
1114 
1116 
1118 
1120 
1122 
1124 
1126 
1128 
1130 
1132 
1134 
1136 
1138 
1140 
1142 
1144 
1146 
1148 
1150 
1152 
1154 
1156 
1158 
1160 
1162 
1164 
1166 
1168 
1170 
1172 
1174 
1176 
1178 
1180 
1182 
1184 
1186 
1188 
1190 
1192 
1194 
1196 
1198 
1200 
1202 
1204 
1206 
1208 
1210 
1212 
1214 
1216 
1218 
1220 
1222 
1224 
1226 
1227 
1229 
1231 
1232 
1234 
1235 
1236 
1238 
1239 
1240 
1241 
1242 
1243 
1244 
1245 
1246 
1247 
1248 
1249 
1250 
1251 
1252 
1253 
1254 
1255 
1256 
1257 
1258 
1259 
1260 
1261 
1262 
1263 
1264 
1265 
1266 
1267 
1268 
1269 
1270 
1271 
1272 
1273 
1274 
1275 
1276 
1277 
1278 
1279 
1280 
1281 
1282 
1283 
1284 
1285 
1286 
1287 
1288 
1289 
1290 
1291 
1292 
1293 
1294 
1295 
1296 
1297 
1299 
1301 
1303 
1305 
1307 
1309 
1311 
1313 
1315 
1317 
1319 
1321 
1323 
1325 
1327 
1329 
1331 
1333 
1335 
1337 
1339 
1341 
1343 
1345 
1347 
1349 
1351 
1353 
1355 
1358 
1360 
1362 
1364 
1366 
1368 
1370 
1372 
1374 
1376 
1378 
1380 
1382 
1384 
1386 
1388 
1390 
1392 
1394 
1396 
1398 
1400 
1402 
1404 
1406 
1408 
1410 
1412 
1414 
1416 
1419 
1421 
1423 
1425 
1427 
1429 
1431 
1433 
1435 
1437 
1439 
1441 
1443 
1445 
1447 
1449 
1451 
1453 
1455 
1457 
1459 
1461 
1463 
1465 
1467 
1469 
1471 
1473 
1475 
1477 
1480 
1482 
1484 
1486 
1488 
1490 
1492 
1494 
1496 
1498 
1500 
1502 
1504 
1506 
1508 
1510 
1512 
1514 
1516 
1518 
1520 
1522 
1524 
1526 
1528 
1530 
1532 
1534 
1536 
1538 
1541 
1543 
1545 
1547 
1549 
1551 
1553 
1555 
1557 
1559 
1561 
1563 
1565 
1567 
1569 
1571 
1573 
1575 
1577 
1579 
1581 
1583 
1585 
1587 
1589 
1591 
1593 
1595 
1597 
1599 
1602 
1604 
1606 
1608 
1610 
1612 
1614 
1616 
1618 
1620 
1622 
1624 
1626 
1628 
1630 
1632 
1634 
1636 
1638 
1640 
1642 
1644 
1646 
1648 
1650 
1652 
1654 
1656 
1658 
1660 
1663 
1665 
1667 
1669 
1671 
1673 
1675 
1677 
1679 
1681 
1683 
1685 
1687 
1689 
1691 
1693 
1695 
1697 
1699 
1701 
1703 
1705 
1707 
1709 
1711 
1713 
1715 
1717 
1719 
1721 
1724 
1726 
1728 
1730 
1732 
1734 
1736 
1738 
1740 
1742 
1744 
1746 
1748 
1750 
1752 
1754 
1756 
1758 
1760 
1762 
1764 
1766 
1768 
1770 
1772 
1774 
1776 
1778 
1780 
1782 
1785 
1787 
1789 
1791 
1793 
1795 
1797 
1799 
1801 
1803 
1805 
1807 
1809 
1811 
1813 
1815 
1817 
1819 
1821 
1823 
1825 
1827 
1829 
1831 
1833 
1835 
1837 
1839 
1841 
1843 
1846 
1848 
1850 
1852 
1854 
1856 
1858 
1860 
1862 
1864 
1866 
1868 
1870 
1872 
1874 
1876 
1878 
1880 
1882 
1884 
1886 
1888 
1890 
1892 
1894 
1896 
1898 
1900 
1902 
1904 
1907 
1909 
1911 
1913 
1915 
1917 
1919 
1921 
1923 
1925 
1927 
1929 
1931 
1933 
1935 
1937 
1939 
1941 
1943 
1945 
1947 
1949 
1951 
1953 
1955 
1957 
1959 
1961 
1963 
1965 
1968 
1970 
1972 
1974 
1976 
1978 
1980 
1982 
1984 
1986 
1988 
1990 
1992 
1994 
1996 
1998 
2000 
2002 
2004 
2006 
2008 
2010 
2012 
2014 
2016 
2018 
2020 
2022 
2024 
2026 
2029 
2031 
2033 
2035 
2037 
2039 
2041 
2043 
2045 
2047 
2049 
2051 
2053 
2055 
2057 
2059 
2061 
2063 
2065 
2067 
2069 
2071 
2073 
2075 
2077 
2079 
2081 
2083 
2085 
2087 
2090 
2092 
2094 
2096 
2098 
2100 
2102 
2104 
2106 
2108 
2110 
2112 
2114 
2116 
2118 
2120 
2122 
2124 
2126 
2128 
2130 
2132 
2134 
2136 
2138 
2140 
2142 
2144 
2146 
2148 
2151 
2153 
2155 
2157 
2159 
2161 
2163 
2165 
2167 
2169 
2171 
2173 
2175 
2177 
2179 
2181 
2183 
2185 
2187 
2189 
2191 
2193 
2195 
2197 
2199 
2201 
2203 
2205 
2207 
2209 
2212 
2213 
2214 
2215 
2216 
2217 
2218 
2219 
2220 
2221 
2222 
2223 
2224 
2225 
2226 
2227 
2228 
2229 
2230 
2231 
2232 
2233 
2234 
2235 
2236 
2237 
2238 
2239 
2240 
2241 
)

// ************************************************************************* //
