/*--------------------------------*- C++ -*----------------------------------*\
| =========                 |                                                 |
| \\      /  F ield         | OpenFOAM: The Open Source CFD Toolbox           |
|  \\    /   O peration     | Version:  2.3.x                                 |
|   \\  /    A nd           | Web:      www.OpenFOAM.org                      |
|    \\/     M anipulation  |                                                 |
\*---------------------------------------------------------------------------*/
FoamFile
{
    version     2.0;
    format      ascii;
    class       faceSet;
    location    "constant/polyMesh/sets";
    object      parallelFacesAtImpingedWall;
}
// * * * * * * * * * * * * * * * * * * * * * * * * * * * * * * * * * * * * * //


593
(
1 
3 
4 
5 
8 
11 
13 
15 
17 
19 
20 
22 
23 
26 
28 
29 
31 
33 
35 
36 
39 
40 
42 
44 
46 
47 
49 
51 
52 
55 
57 
59 
61 
62 
64 
66 
68 
69 
72 
74 
76 
78 
79 
81 
83 
85 
87 
88 
91 
93 
95 
97 
98 
100 
102 
104 
106 
108 
109 
112 
114 
116 
118 
119 
121 
123 
125 
127 
129 
131 
132 
135 
137 
139 
141 
142 
144 
146 
148 
150 
152 
154 
156 
157 
160 
162 
164 
166 
167 
169 
171 
173 
175 
177 
179 
181 
183 
184 
187 
189 
191 
193 
194 
196 
198 
200 
202 
204 
206 
208 
210 
212 
213 
216 
218 
220 
222 
223 
225 
227 
229 
231 
233 
235 
237 
239 
241 
243 
244 
247 
249 
251 
253 
254 
256 
258 
260 
262 
264 
266 
268 
270 
272 
274 
276 
277 
280 
282 
284 
286 
287 
289 
291 
293 
295 
297 
299 
301 
303 
305 
307 
309 
311 
312 
315 
317 
319 
321 
322 
324 
326 
328 
330 
332 
334 
336 
338 
340 
342 
344 
346 
348 
349 
352 
354 
356 
358 
359 
361 
363 
365 
367 
369 
371 
373 
375 
377 
379 
381 
383 
385 
387 
388 
391 
393 
395 
397 
398 
400 
402 
404 
406 
408 
410 
412 
414 
416 
418 
420 
422 
424 
426 
428 
429 
432 
434 
436 
438 
439 
441 
443 
445 
447 
449 
451 
453 
455 
457 
459 
461 
463 
465 
467 
469 
471 
472 
475 
477 
479 
481 
483 
484 
486 
488 
490 
492 
494 
496 
498 
500 
502 
504 
506 
508 
510 
512 
514 
516 
517 
520 
522 
524 
526 
528 
529 
531 
533 
535 
537 
539 
541 
543 
545 
547 
549 
551 
553 
555 
557 
559 
561 
562 
565 
567 
569 
571 
573 
574 
576 
578 
580 
582 
584 
586 
588 
590 
592 
594 
596 
598 
600 
602 
604 
606 
607 
610 
612 
614 
617 
618 
620 
622 
624 
626 
628 
630 
632 
634 
636 
638 
640 
642 
644 
646 
648 
650 
651 
654 
656 
659 
660 
662 
664 
666 
668 
670 
672 
674 
676 
678 
680 
682 
684 
686 
688 
690 
692 
693 
696 
699 
700 
702 
704 
706 
708 
710 
712 
714 
716 
718 
720 
722 
724 
726 
728 
730 
732 
733 
737 
739 
741 
743 
745 
747 
749 
751 
753 
755 
757 
759 
761 
763 
765 
767 
769 
770 
773 
775 
777 
779 
781 
783 
785 
787 
789 
791 
793 
795 
797 
799 
801 
803 
805 
806 
809 
811 
813 
815 
817 
819 
821 
823 
825 
827 
829 
831 
833 
835 
837 
839 
841 
842 
845 
847 
849 
851 
853 
855 
857 
859 
861 
863 
865 
867 
869 
871 
873 
875 
877 
878 
880 
882 
884 
886 
888 
890 
892 
894 
896 
898 
900 
902 
904 
906 
908 
910 
911 
913 
915 
917 
919 
921 
923 
925 
927 
929 
931 
933 
935 
937 
939 
941 
942 
944 
946 
948 
950 
952 
954 
956 
958 
960 
962 
964 
966 
968 
970 
972 
974 
976 
978 
980 
982 
984 
986 
988 
990 
992 
994 
996 
998 
1000 
1002 
1004 
1006 
1008 
1010 
1012 
1014 
1016 
1018 
1020 
1022 
1024 
1026 
1028 
1030 
1032 
1034 
1036 
1038 
1040 
1042 
1044 
1046 
1048 
1050 
1052 
1054 
1056 
1058 
1060 
1062 
1064 
1066 
1068 
1070 
1072 
1074 
1076 
1078 
1080 
1082 
1084 
1086 
1088 
1090 
1092 
1094 
1096 
1098 
1100 
1102 
1104 
1106 
1108 
1110 
1112 
1114 
1116 
1118 
1120 
1122 
1124 
1126 
1128 
1130 
1132 
1134 
1136 
1138 
1140 
1142 
1144 
1146 
1148 
1150 
1152 
1154 
1156 
1159 
1162 
1164 
)

// ************************************************************************* //
