/*--------------------------------*- C++ -*----------------------------------*\
| =========                 |                                                 |
| \\      /  F ield         | OpenFOAM: The Open Source CFD Toolbox           |
|  \\    /   O peration     | Version:  2.3.x                                 |
|   \\  /    A nd           | Web:      www.OpenFOAM.org                      |
|    \\/     M anipulation  |                                                 |
\*---------------------------------------------------------------------------*/
FoamFile
{
    version     2.0;
    format      ascii;
    class       vectorField;
    location    "constant/ImpingedWall/polyMesh";
    object      points;
}
// * * * * * * * * * * * * * * * * * * * * * * * * * * * * * * * * * * * * * //


1134
(
(0 0 0)
(0.123695502252 -0.00215911156846 0)
(0.234202935964 -0.00408802469937 0)
(0.332928376124 -0.00581128250642 0)
(0.421127985938 -0.00735081138511 0)
(0.499924 -0.0087262 0)
(0.123695502252 0.00215911156846 0)
(0.234202935964 0.00408802469937 0)
(0.332928376124 0.00581128250642 0)
(0.421127985938 0.00735081138511 0)
(0.499924 0.0087262 0)
(0 0 0.0381778372967)
(0.123695502252 -0.00215911156846 0.0381778372967)
(0.234202935964 -0.00408802469937 0.0381778372967)
(0.332928376124 -0.00581128250642 0.0381778372967)
(0.421127985938 -0.00735081138511 0.0381778372967)
(0.499924 -0.0087262 0.0381778372967)
(0.123695502252 0.00215911156846 0.0381778372967)
(0.234202935964 0.00408802469937 0.0381778372967)
(0.332928376124 0.00581128250642 0.0381778372967)
(0.421127985938 0.00735081138511 0.0381778372967)
(0.499924 0.0087262 0.0381778372967)
(0.574035739647 -0.0100198243559 0)
(0.656305795513 -0.0114558525552 0)
(0.747632245606 -0.0130499605972 0)
(0.849012029524 -0.0148195501157 0)
(0.961551831265 -0.0167839383386 0)
(1.08648016004 -0.0189645689595 0)
(1.22516076092 -0.0213852462214 0)
(1.37910750185 -0.0240723947692 0)
(1.55000089925 -0.027055348107 0)
(1.73970646302 -0.0303666688089 0)
(1.95029506078 -0.0340425039793 0)
(2.18406552393 -0.0381229798427 0)
(2.44356974221 -0.0426526397702 0)
(2.73164052071 -0.0476809305251 0)
(3.05142250334 -0.053262742034 0)
(3.40640650049 -0.0594590065781 0)
(3.80046759548 -0.0663373639427 0)
(4.23790744582 -0.0739728997881 0)
(4.72350124103 -0.0824489653017 0)
(5.2625498297 -0.0918580870772 0)
(5.86093758467 -0.102302977155 0)
(6.52519663817 -0.113897654251 0)
(7.26257818799 -0.126768688409 0)
(8.08113165316 -0.141056582664 0)
(8.98979254318 -0.156917306811 0)
(9.99848 -0.174524 0)
(0.574035739647 0.0100198243559 0)
(0.656305795513 0.0114558525552 0)
(0.747632245606 0.0130499605972 0)
(0.849012029524 0.0148195501157 0)
(0.961551831265 0.0167839383386 0)
(1.08648016004 0.0189645689595 0)
(1.22516076092 0.0213852462214 0)
(1.37910750185 0.0240723947692 0)
(1.55000089925 0.027055348107 0)
(1.73970646302 0.0303666688089 0)
(1.95029506078 0.0340425039793 0)
(2.18406552393 0.0381229798427 0)
(2.44356974221 0.0426526397702 0)
(2.73164052071 0.0476809305251 0)
(3.05142250334 0.053262742034 0)
(3.40640650049 0.0594590065781 0)
(3.80046759548 0.0663373639427 0)
(4.23790744582 0.0739728997881 0)
(4.72350124103 0.0824489653017 0)
(5.2625498297 0.0918580870772 0)
(5.86093758467 0.102302977155 0)
(6.52519663817 0.113897654251 0)
(7.26257818799 0.126768688409 0)
(8.08113165316 0.141056582664 0)
(8.98979254318 0.156917306811 0)
(9.99848 0.174524 0)
(0.574035739647 -0.0100198243559 0.0381778372967)
(0.656305795513 -0.0114558525552 0.0381778372967)
(0.747632245606 -0.0130499605972 0.0381778372967)
(0.849012029524 -0.0148195501157 0.0381778372967)
(0.961551831265 -0.0167839383386 0.0381778372967)
(1.08648016004 -0.0189645689595 0.0381778372967)
(1.22516076092 -0.0213852462214 0.0381778372967)
(1.37910750185 -0.0240723947692 0.0381778372967)
(1.55000089925 -0.027055348107 0.0381778372967)
(1.73970646302 -0.0303666688089 0.0381778372967)
(1.95029506078 -0.0340425039793 0.0381778372967)
(2.18406552393 -0.0381229798427 0.0381778372967)
(2.44356974221 -0.0426526397702 0.0381778372967)
(2.73164052071 -0.0476809305251 0.0381778372967)
(3.05142250334 -0.053262742034 0.0381778372967)
(3.40640650049 -0.0594590065781 0.0381778372967)
(3.80046759548 -0.0663373639427 0.0381778372967)
(4.23790744582 -0.0739728997881 0.0381778372967)
(4.72350124103 -0.0824489653017 0.0381778372967)
(5.2625498297 -0.0918580870772 0.0381778372967)
(5.86093758467 -0.102302977155 0.0381778372967)
(6.52519663817 -0.113897654251 0.0381778372967)
(7.26257818799 -0.126768688409 0.0381778372967)
(8.08113165316 -0.141056582664 0.0381778372967)
(8.98979254318 -0.156917306811 0.0381778372967)
(9.99848 -0.174524 0.0381778372967)
(0.574035739647 0.0100198243559 0.0381778372967)
(0.656305795513 0.0114558525552 0.0381778372967)
(0.747632245606 0.0130499605972 0.0381778372967)
(0.849012029524 0.0148195501157 0.0381778372967)
(0.961551831265 0.0167839383386 0.0381778372967)
(1.08648016004 0.0189645689595 0.0381778372967)
(1.22516076092 0.0213852462214 0.0381778372967)
(1.37910750185 0.0240723947692 0.0381778372967)
(1.55000089925 0.027055348107 0.0381778372967)
(1.73970646302 0.0303666688089 0.0381778372967)
(1.95029506078 0.0340425039793 0.0381778372967)
(2.18406552393 0.0381229798427 0.0381778372967)
(2.44356974221 0.0426526397702 0.0381778372967)
(2.73164052071 0.0476809305251 0.0381778372967)
(3.05142250334 0.053262742034 0.0381778372967)
(3.40640650049 0.0594590065781 0.0381778372967)
(3.80046759548 0.0663373639427 0.0381778372967)
(4.23790744582 0.0739728997881 0.0381778372967)
(4.72350124103 0.0824489653017 0.0381778372967)
(5.2625498297 0.0918580870772 0.0381778372967)
(5.86093758467 0.102302977155 0.0381778372967)
(6.52519663817 0.113897654251 0.0381778372967)
(7.26257818799 0.126768688409 0.0381778372967)
(8.08113165316 0.141056582664 0.0381778372967)
(8.98979254318 0.156917306811 0.0381778372967)
(9.99848 0.174524 0.0381778372967)
(0 0 0.0336215306483)
(0.123695502252 -0.00215911156846 0.0336215306483)
(0.234202935964 -0.00408802469937 0.0336215306483)
(0.332928376124 -0.00581128250642 0.0336215306483)
(0.421127985938 -0.00735081138511 0.0336215306483)
(0.499924 -0.0087262 0.0336215306483)
(0.123695502252 0.00215911156846 0.0336215306483)
(0.234202935964 0.00408802469937 0.0336215306483)
(0.332928376124 0.00581128250642 0.0336215306483)
(0.421127985938 0.00735081138511 0.0336215306483)
(0.499924 0.0087262 0.0336215306483)
(0.574035739647 -0.0100198243559 0.0336215306483)
(0.656305795513 -0.0114558525552 0.0336215306483)
(0.747632245606 -0.0130499605972 0.0336215306483)
(0.849012029524 -0.0148195501157 0.0336215306483)
(0.961551831265 -0.0167839383386 0.0336215306483)
(1.08648016004 -0.0189645689595 0.0336215306483)
(1.22516076092 -0.0213852462214 0.0336215306483)
(1.37910750185 -0.0240723947692 0.0336215306483)
(1.55000089925 -0.027055348107 0.0336215306483)
(1.73970646302 -0.0303666688089 0.0336215306483)
(1.95029506078 -0.0340425039793 0.0336215306483)
(2.18406552393 -0.0381229798427 0.0336215306483)
(2.44356974221 -0.0426526397702 0.0336215306483)
(2.73164052071 -0.0476809305251 0.0336215306483)
(3.05142250334 -0.053262742034 0.0336215306483)
(3.40640650049 -0.0594590065781 0.0336215306483)
(3.80046759548 -0.0663373639427 0.0336215306483)
(4.23790744582 -0.0739728997881 0.0336215306483)
(4.72350124103 -0.0824489653017 0.0336215306483)
(5.2625498297 -0.0918580870772 0.0336215306483)
(5.86093758467 -0.102302977155 0.0336215306483)
(6.52519663817 -0.113897654251 0.0336215306483)
(7.26257818799 -0.126768688409 0.0336215306483)
(8.08113165316 -0.141056582664 0.0336215306483)
(8.98979254318 -0.156917306811 0.0336215306483)
(9.99848 -0.174524 0.0336215306483)
(0.574035739647 0.0100198243559 0.0336215306483)
(0.656305795513 0.0114558525552 0.0336215306483)
(0.747632245606 0.0130499605972 0.0336215306483)
(0.849012029524 0.0148195501157 0.0336215306483)
(0.961551831265 0.0167839383386 0.0336215306483)
(1.08648016004 0.0189645689595 0.0336215306483)
(1.22516076092 0.0213852462214 0.0336215306483)
(1.37910750185 0.0240723947692 0.0336215306483)
(1.55000089925 0.027055348107 0.0336215306483)
(1.73970646302 0.0303666688089 0.0336215306483)
(1.95029506078 0.0340425039793 0.0336215306483)
(2.18406552393 0.0381229798427 0.0336215306483)
(2.44356974221 0.0426526397702 0.0336215306483)
(2.73164052071 0.0476809305251 0.0336215306483)
(3.05142250334 0.053262742034 0.0336215306483)
(3.40640650049 0.0594590065781 0.0336215306483)
(3.80046759548 0.0663373639427 0.0336215306483)
(4.23790744582 0.0739728997881 0.0336215306483)
(4.72350124103 0.0824489653017 0.0336215306483)
(5.2625498297 0.0918580870772 0.0336215306483)
(5.86093758467 0.102302977155 0.0336215306483)
(6.52519663817 0.113897654251 0.0336215306483)
(7.26257818799 0.126768688409 0.0336215306483)
(8.08113165316 0.141056582664 0.0336215306483)
(8.98979254318 0.156917306811 0.0336215306483)
(9.99848 0.174524 0.0336215306483)
(0 0 0.0295167535821)
(0.123695502252 -0.00215911156846 0.0295167535821)
(0.234202935964 -0.00408802469937 0.0295167535821)
(0.332928376124 -0.00581128250642 0.0295167535821)
(0.421127985938 -0.00735081138511 0.0295167535821)
(0.499924 -0.0087262 0.0295167535821)
(0.123695502252 0.00215911156846 0.0295167535821)
(0.234202935964 0.00408802469937 0.0295167535821)
(0.332928376124 0.00581128250642 0.0295167535821)
(0.421127985938 0.00735081138511 0.0295167535821)
(0.499924 0.0087262 0.0295167535821)
(0.574035739647 -0.0100198243559 0.0295167535821)
(0.656305795513 -0.0114558525552 0.0295167535821)
(0.747632245606 -0.0130499605972 0.0295167535821)
(0.849012029524 -0.0148195501157 0.0295167535821)
(0.961551831265 -0.0167839383386 0.0295167535821)
(1.08648016004 -0.0189645689595 0.0295167535821)
(1.22516076092 -0.0213852462214 0.0295167535821)
(1.37910750185 -0.0240723947692 0.0295167535821)
(1.55000089925 -0.027055348107 0.0295167535821)
(1.73970646302 -0.0303666688089 0.0295167535821)
(1.95029506078 -0.0340425039793 0.0295167535821)
(2.18406552393 -0.0381229798427 0.0295167535821)
(2.44356974221 -0.0426526397702 0.0295167535821)
(2.73164052071 -0.0476809305251 0.0295167535821)
(3.05142250334 -0.053262742034 0.0295167535821)
(3.40640650049 -0.0594590065781 0.0295167535821)
(3.80046759548 -0.0663373639427 0.0295167535821)
(4.23790744582 -0.0739728997881 0.0295167535821)
(4.72350124103 -0.0824489653017 0.0295167535821)
(5.2625498297 -0.0918580870772 0.0295167535821)
(5.86093758467 -0.102302977155 0.0295167535821)
(6.52519663817 -0.113897654251 0.0295167535821)
(7.26257818799 -0.126768688409 0.0295167535821)
(8.08113165316 -0.141056582664 0.0295167535821)
(8.98979254318 -0.156917306811 0.0295167535821)
(9.99848 -0.174524 0.0295167535821)
(0.574035739647 0.0100198243559 0.0295167535821)
(0.656305795513 0.0114558525552 0.0295167535821)
(0.747632245606 0.0130499605972 0.0295167535821)
(0.849012029524 0.0148195501157 0.0295167535821)
(0.961551831265 0.0167839383386 0.0295167535821)
(1.08648016004 0.0189645689595 0.0295167535821)
(1.22516076092 0.0213852462214 0.0295167535821)
(1.37910750185 0.0240723947692 0.0295167535821)
(1.55000089925 0.027055348107 0.0295167535821)
(1.73970646302 0.0303666688089 0.0295167535821)
(1.95029506078 0.0340425039793 0.0295167535821)
(2.18406552393 0.0381229798427 0.0295167535821)
(2.44356974221 0.0426526397702 0.0295167535821)
(2.73164052071 0.0476809305251 0.0295167535821)
(3.05142250334 0.053262742034 0.0295167535821)
(3.40640650049 0.0594590065781 0.0295167535821)
(3.80046759548 0.0663373639427 0.0295167535821)
(4.23790744582 0.0739728997881 0.0295167535821)
(4.72350124103 0.0824489653017 0.0295167535821)
(5.2625498297 0.0918580870772 0.0295167535821)
(5.86093758467 0.102302977155 0.0295167535821)
(6.52519663817 0.113897654251 0.0295167535821)
(7.26257818799 0.126768688409 0.0295167535821)
(8.08113165316 0.141056582664 0.0295167535821)
(8.98979254318 0.156917306811 0.0295167535821)
(9.99848 0.174524 0.0295167535821)
(0 0 0.0258187595566)
(0.123695502252 -0.00215911156846 0.0258187595566)
(0.234202935964 -0.00408802469937 0.0258187595566)
(0.332928376124 -0.00581128250642 0.0258187595566)
(0.421127985938 -0.00735081138511 0.0258187595566)
(0.499924 -0.0087262 0.0258187595566)
(0.123695502252 0.00215911156846 0.0258187595566)
(0.234202935964 0.00408802469937 0.0258187595566)
(0.332928376124 0.00581128250642 0.0258187595566)
(0.421127985938 0.00735081138511 0.0258187595566)
(0.499924 0.0087262 0.0258187595566)
(0.574035739647 -0.0100198243559 0.0258187595566)
(0.656305795513 -0.0114558525552 0.0258187595566)
(0.747632245606 -0.0130499605972 0.0258187595566)
(0.849012029524 -0.0148195501157 0.0258187595566)
(0.961551831265 -0.0167839383386 0.0258187595566)
(1.08648016004 -0.0189645689595 0.0258187595566)
(1.22516076092 -0.0213852462214 0.0258187595566)
(1.37910750185 -0.0240723947692 0.0258187595566)
(1.55000089925 -0.027055348107 0.0258187595566)
(1.73970646302 -0.0303666688089 0.0258187595566)
(1.95029506078 -0.0340425039793 0.0258187595566)
(2.18406552393 -0.0381229798427 0.0258187595566)
(2.44356974221 -0.0426526397702 0.0258187595566)
(2.73164052071 -0.0476809305251 0.0258187595566)
(3.05142250334 -0.053262742034 0.0258187595566)
(3.40640650049 -0.0594590065781 0.0258187595566)
(3.80046759548 -0.0663373639427 0.0258187595566)
(4.23790744582 -0.0739728997881 0.0258187595566)
(4.72350124103 -0.0824489653017 0.0258187595566)
(5.2625498297 -0.0918580870772 0.0258187595566)
(5.86093758467 -0.102302977155 0.0258187595566)
(6.52519663817 -0.113897654251 0.0258187595566)
(7.26257818799 -0.126768688409 0.0258187595566)
(8.08113165316 -0.141056582664 0.0258187595566)
(8.98979254318 -0.156917306811 0.0258187595566)
(9.99848 -0.174524 0.0258187595566)
(0.574035739647 0.0100198243559 0.0258187595566)
(0.656305795513 0.0114558525552 0.0258187595566)
(0.747632245606 0.0130499605972 0.0258187595566)
(0.849012029524 0.0148195501157 0.0258187595566)
(0.961551831265 0.0167839383386 0.0258187595566)
(1.08648016004 0.0189645689595 0.0258187595566)
(1.22516076092 0.0213852462214 0.0258187595566)
(1.37910750185 0.0240723947692 0.0258187595566)
(1.55000089925 0.027055348107 0.0258187595566)
(1.73970646302 0.0303666688089 0.0258187595566)
(1.95029506078 0.0340425039793 0.0258187595566)
(2.18406552393 0.0381229798427 0.0258187595566)
(2.44356974221 0.0426526397702 0.0258187595566)
(2.73164052071 0.0476809305251 0.0258187595566)
(3.05142250334 0.053262742034 0.0258187595566)
(3.40640650049 0.0594590065781 0.0258187595566)
(3.80046759548 0.0663373639427 0.0258187595566)
(4.23790744582 0.0739728997881 0.0258187595566)
(4.72350124103 0.0824489653017 0.0258187595566)
(5.2625498297 0.0918580870772 0.0258187595566)
(5.86093758467 0.102302977155 0.0258187595566)
(6.52519663817 0.113897654251 0.0258187595566)
(7.26257818799 0.126768688409 0.0258187595566)
(8.08113165316 0.141056582664 0.0258187595566)
(8.98979254318 0.156917306811 0.0258187595566)
(9.99848 0.174524 0.0258187595566)
(0 0 0.0224872364089)
(0.123695502252 -0.00215911156846 0.0224872364089)
(0.234202935964 -0.00408802469937 0.0224872364089)
(0.332928376124 -0.00581128250642 0.0224872364089)
(0.421127985938 -0.00735081138511 0.0224872364089)
(0.499924 -0.0087262 0.0224872364089)
(0.123695502252 0.00215911156846 0.0224872364089)
(0.234202935964 0.00408802469937 0.0224872364089)
(0.332928376124 0.00581128250642 0.0224872364089)
(0.421127985938 0.00735081138511 0.0224872364089)
(0.499924 0.0087262 0.0224872364089)
(0.574035739647 -0.0100198243559 0.0224872364089)
(0.656305795513 -0.0114558525552 0.0224872364089)
(0.747632245606 -0.0130499605972 0.0224872364089)
(0.849012029524 -0.0148195501157 0.0224872364089)
(0.961551831265 -0.0167839383386 0.0224872364089)
(1.08648016004 -0.0189645689595 0.0224872364089)
(1.22516076092 -0.0213852462214 0.0224872364089)
(1.37910750185 -0.0240723947692 0.0224872364089)
(1.55000089925 -0.027055348107 0.0224872364089)
(1.73970646302 -0.0303666688089 0.0224872364089)
(1.95029506078 -0.0340425039793 0.0224872364089)
(2.18406552393 -0.0381229798427 0.0224872364089)
(2.44356974221 -0.0426526397702 0.0224872364089)
(2.73164052071 -0.0476809305251 0.0224872364089)
(3.05142250334 -0.053262742034 0.0224872364089)
(3.40640650049 -0.0594590065781 0.0224872364089)
(3.80046759548 -0.0663373639427 0.0224872364089)
(4.23790744582 -0.0739728997881 0.0224872364089)
(4.72350124103 -0.0824489653017 0.0224872364089)
(5.2625498297 -0.0918580870772 0.0224872364089)
(5.86093758467 -0.102302977155 0.0224872364089)
(6.52519663817 -0.113897654251 0.0224872364089)
(7.26257818799 -0.126768688409 0.0224872364089)
(8.08113165316 -0.141056582664 0.0224872364089)
(8.98979254318 -0.156917306811 0.0224872364089)
(9.99848 -0.174524 0.0224872364089)
(0.574035739647 0.0100198243559 0.0224872364089)
(0.656305795513 0.0114558525552 0.0224872364089)
(0.747632245606 0.0130499605972 0.0224872364089)
(0.849012029524 0.0148195501157 0.0224872364089)
(0.961551831265 0.0167839383386 0.0224872364089)
(1.08648016004 0.0189645689595 0.0224872364089)
(1.22516076092 0.0213852462214 0.0224872364089)
(1.37910750185 0.0240723947692 0.0224872364089)
(1.55000089925 0.027055348107 0.0224872364089)
(1.73970646302 0.0303666688089 0.0224872364089)
(1.95029506078 0.0340425039793 0.0224872364089)
(2.18406552393 0.0381229798427 0.0224872364089)
(2.44356974221 0.0426526397702 0.0224872364089)
(2.73164052071 0.0476809305251 0.0224872364089)
(3.05142250334 0.053262742034 0.0224872364089)
(3.40640650049 0.0594590065781 0.0224872364089)
(3.80046759548 0.0663373639427 0.0224872364089)
(4.23790744582 0.0739728997881 0.0224872364089)
(4.72350124103 0.0824489653017 0.0224872364089)
(5.2625498297 0.0918580870772 0.0224872364089)
(5.86093758467 0.102302977155 0.0224872364089)
(6.52519663817 0.113897654251 0.0224872364089)
(7.26257818799 0.126768688409 0.0224872364089)
(8.08113165316 0.141056582664 0.0224872364089)
(8.98979254318 0.156917306811 0.0224872364089)
(9.99848 0.174524 0.0224872364089)
(0 0 0.0194858669076)
(0.123695502252 -0.00215911156846 0.0194858669076)
(0.234202935964 -0.00408802469937 0.0194858669076)
(0.332928376124 -0.00581128250642 0.0194858669076)
(0.421127985938 -0.00735081138511 0.0194858669076)
(0.499924 -0.0087262 0.0194858669076)
(0.123695502252 0.00215911156846 0.0194858669076)
(0.234202935964 0.00408802469937 0.0194858669076)
(0.332928376124 0.00581128250642 0.0194858669076)
(0.421127985938 0.00735081138511 0.0194858669076)
(0.499924 0.0087262 0.0194858669076)
(0.574035739647 -0.0100198243559 0.0194858669076)
(0.656305795513 -0.0114558525552 0.0194858669076)
(0.747632245606 -0.0130499605972 0.0194858669076)
(0.849012029524 -0.0148195501157 0.0194858669076)
(0.961551831265 -0.0167839383386 0.0194858669076)
(1.08648016004 -0.0189645689595 0.0194858669076)
(1.22516076092 -0.0213852462214 0.0194858669076)
(1.37910750185 -0.0240723947692 0.0194858669076)
(1.55000089925 -0.027055348107 0.0194858669076)
(1.73970646302 -0.0303666688089 0.0194858669076)
(1.95029506078 -0.0340425039793 0.0194858669076)
(2.18406552393 -0.0381229798427 0.0194858669076)
(2.44356974221 -0.0426526397702 0.0194858669076)
(2.73164052071 -0.0476809305251 0.0194858669076)
(3.05142250334 -0.053262742034 0.0194858669076)
(3.40640650049 -0.0594590065781 0.0194858669076)
(3.80046759548 -0.0663373639427 0.0194858669076)
(4.23790744582 -0.0739728997881 0.0194858669076)
(4.72350124103 -0.0824489653017 0.0194858669076)
(5.2625498297 -0.0918580870772 0.0194858669076)
(5.86093758467 -0.102302977155 0.0194858669076)
(6.52519663817 -0.113897654251 0.0194858669076)
(7.26257818799 -0.126768688409 0.0194858669076)
(8.08113165316 -0.141056582664 0.0194858669076)
(8.98979254318 -0.156917306811 0.0194858669076)
(9.99848 -0.174524 0.0194858669076)
(0.574035739647 0.0100198243559 0.0194858669076)
(0.656305795513 0.0114558525552 0.0194858669076)
(0.747632245606 0.0130499605972 0.0194858669076)
(0.849012029524 0.0148195501157 0.0194858669076)
(0.961551831265 0.0167839383386 0.0194858669076)
(1.08648016004 0.0189645689595 0.0194858669076)
(1.22516076092 0.0213852462214 0.0194858669076)
(1.37910750185 0.0240723947692 0.0194858669076)
(1.55000089925 0.027055348107 0.0194858669076)
(1.73970646302 0.0303666688089 0.0194858669076)
(1.95029506078 0.0340425039793 0.0194858669076)
(2.18406552393 0.0381229798427 0.0194858669076)
(2.44356974221 0.0426526397702 0.0194858669076)
(2.73164052071 0.0476809305251 0.0194858669076)
(3.05142250334 0.053262742034 0.0194858669076)
(3.40640650049 0.0594590065781 0.0194858669076)
(3.80046759548 0.0663373639427 0.0194858669076)
(4.23790744582 0.0739728997881 0.0194858669076)
(4.72350124103 0.0824489653017 0.0194858669076)
(5.2625498297 0.0918580870772 0.0194858669076)
(5.86093758467 0.102302977155 0.0194858669076)
(6.52519663817 0.113897654251 0.0194858669076)
(7.26257818799 0.126768688409 0.0194858669076)
(8.08113165316 0.141056582664 0.0194858669076)
(8.98979254318 0.156917306811 0.0194858669076)
(9.99848 0.174524 0.0194858669076)
(0 0 0.016781932856)
(0.123695502252 -0.00215911156846 0.016781932856)
(0.234202935964 -0.00408802469937 0.016781932856)
(0.332928376124 -0.00581128250642 0.016781932856)
(0.421127985938 -0.00735081138511 0.016781932856)
(0.499924 -0.0087262 0.016781932856)
(0.123695502252 0.00215911156846 0.016781932856)
(0.234202935964 0.00408802469937 0.016781932856)
(0.332928376124 0.00581128250642 0.016781932856)
(0.421127985938 0.00735081138511 0.016781932856)
(0.499924 0.0087262 0.016781932856)
(0.574035739647 -0.0100198243559 0.016781932856)
(0.656305795513 -0.0114558525552 0.016781932856)
(0.747632245606 -0.0130499605972 0.016781932856)
(0.849012029524 -0.0148195501157 0.016781932856)
(0.961551831265 -0.0167839383386 0.016781932856)
(1.08648016004 -0.0189645689595 0.016781932856)
(1.22516076092 -0.0213852462214 0.016781932856)
(1.37910750185 -0.0240723947692 0.016781932856)
(1.55000089925 -0.027055348107 0.016781932856)
(1.73970646302 -0.0303666688089 0.016781932856)
(1.95029506078 -0.0340425039793 0.016781932856)
(2.18406552393 -0.0381229798427 0.016781932856)
(2.44356974221 -0.0426526397702 0.016781932856)
(2.73164052071 -0.0476809305251 0.016781932856)
(3.05142250334 -0.053262742034 0.016781932856)
(3.40640650049 -0.0594590065781 0.016781932856)
(3.80046759548 -0.0663373639427 0.016781932856)
(4.23790744582 -0.0739728997881 0.016781932856)
(4.72350124103 -0.0824489653017 0.016781932856)
(5.2625498297 -0.0918580870772 0.016781932856)
(5.86093758467 -0.102302977155 0.016781932856)
(6.52519663817 -0.113897654251 0.016781932856)
(7.26257818799 -0.126768688409 0.016781932856)
(8.08113165316 -0.141056582664 0.016781932856)
(8.98979254318 -0.156917306811 0.016781932856)
(9.99848 -0.174524 0.016781932856)
(0.574035739647 0.0100198243559 0.016781932856)
(0.656305795513 0.0114558525552 0.016781932856)
(0.747632245606 0.0130499605972 0.016781932856)
(0.849012029524 0.0148195501157 0.016781932856)
(0.961551831265 0.0167839383386 0.016781932856)
(1.08648016004 0.0189645689595 0.016781932856)
(1.22516076092 0.0213852462214 0.016781932856)
(1.37910750185 0.0240723947692 0.016781932856)
(1.55000089925 0.027055348107 0.016781932856)
(1.73970646302 0.0303666688089 0.016781932856)
(1.95029506078 0.0340425039793 0.016781932856)
(2.18406552393 0.0381229798427 0.016781932856)
(2.44356974221 0.0426526397702 0.016781932856)
(2.73164052071 0.0476809305251 0.016781932856)
(3.05142250334 0.053262742034 0.016781932856)
(3.40640650049 0.0594590065781 0.016781932856)
(3.80046759548 0.0663373639427 0.016781932856)
(4.23790744582 0.0739728997881 0.016781932856)
(4.72350124103 0.0824489653017 0.016781932856)
(5.2625498297 0.0918580870772 0.016781932856)
(5.86093758467 0.102302977155 0.016781932856)
(6.52519663817 0.113897654251 0.016781932856)
(7.26257818799 0.126768688409 0.016781932856)
(8.08113165316 0.141056582664 0.016781932856)
(8.98979254318 0.156917306811 0.016781932856)
(9.99848 0.174524 0.016781932856)
(0 0 0.0143459584275)
(0.123695502252 -0.00215911156846 0.0143459584275)
(0.234202935964 -0.00408802469937 0.0143459584275)
(0.332928376124 -0.00581128250642 0.0143459584275)
(0.421127985938 -0.00735081138511 0.0143459584275)
(0.499924 -0.0087262 0.0143459584275)
(0.123695502252 0.00215911156846 0.0143459584275)
(0.234202935964 0.00408802469937 0.0143459584275)
(0.332928376124 0.00581128250642 0.0143459584275)
(0.421127985938 0.00735081138511 0.0143459584275)
(0.499924 0.0087262 0.0143459584275)
(0.574035739647 -0.0100198243559 0.0143459584275)
(0.656305795513 -0.0114558525552 0.0143459584275)
(0.747632245606 -0.0130499605972 0.0143459584275)
(0.849012029524 -0.0148195501157 0.0143459584275)
(0.961551831265 -0.0167839383386 0.0143459584275)
(1.08648016004 -0.0189645689595 0.0143459584275)
(1.22516076092 -0.0213852462214 0.0143459584275)
(1.37910750185 -0.0240723947692 0.0143459584275)
(1.55000089925 -0.027055348107 0.0143459584275)
(1.73970646302 -0.0303666688089 0.0143459584275)
(1.95029506078 -0.0340425039793 0.0143459584275)
(2.18406552393 -0.0381229798427 0.0143459584275)
(2.44356974221 -0.0426526397702 0.0143459584275)
(2.73164052071 -0.0476809305251 0.0143459584275)
(3.05142250334 -0.053262742034 0.0143459584275)
(3.40640650049 -0.0594590065781 0.0143459584275)
(3.80046759548 -0.0663373639427 0.0143459584275)
(4.23790744582 -0.0739728997881 0.0143459584275)
(4.72350124103 -0.0824489653017 0.0143459584275)
(5.2625498297 -0.0918580870772 0.0143459584275)
(5.86093758467 -0.102302977155 0.0143459584275)
(6.52519663817 -0.113897654251 0.0143459584275)
(7.26257818799 -0.126768688409 0.0143459584275)
(8.08113165316 -0.141056582664 0.0143459584275)
(8.98979254318 -0.156917306811 0.0143459584275)
(9.99848 -0.174524 0.0143459584275)
(0.574035739647 0.0100198243559 0.0143459584275)
(0.656305795513 0.0114558525552 0.0143459584275)
(0.747632245606 0.0130499605972 0.0143459584275)
(0.849012029524 0.0148195501157 0.0143459584275)
(0.961551831265 0.0167839383386 0.0143459584275)
(1.08648016004 0.0189645689595 0.0143459584275)
(1.22516076092 0.0213852462214 0.0143459584275)
(1.37910750185 0.0240723947692 0.0143459584275)
(1.55000089925 0.027055348107 0.0143459584275)
(1.73970646302 0.0303666688089 0.0143459584275)
(1.95029506078 0.0340425039793 0.0143459584275)
(2.18406552393 0.0381229798427 0.0143459584275)
(2.44356974221 0.0426526397702 0.0143459584275)
(2.73164052071 0.0476809305251 0.0143459584275)
(3.05142250334 0.053262742034 0.0143459584275)
(3.40640650049 0.0594590065781 0.0143459584275)
(3.80046759548 0.0663373639427 0.0143459584275)
(4.23790744582 0.0739728997881 0.0143459584275)
(4.72350124103 0.0824489653017 0.0143459584275)
(5.2625498297 0.0918580870772 0.0143459584275)
(5.86093758467 0.102302977155 0.0143459584275)
(6.52519663817 0.113897654251 0.0143459584275)
(7.26257818799 0.126768688409 0.0143459584275)
(8.08113165316 0.141056582664 0.0143459584275)
(8.98979254318 0.156917306811 0.0143459584275)
(9.99848 0.174524 0.0143459584275)
(0 0 0.0121513888474)
(0.123695502252 -0.00215911156846 0.0121513888474)
(0.234202935964 -0.00408802469937 0.0121513888474)
(0.332928376124 -0.00581128250642 0.0121513888474)
(0.421127985938 -0.00735081138511 0.0121513888474)
(0.499924 -0.0087262 0.0121513888474)
(0.123695502252 0.00215911156846 0.0121513888474)
(0.234202935964 0.00408802469937 0.0121513888474)
(0.332928376124 0.00581128250642 0.0121513888474)
(0.421127985938 0.00735081138511 0.0121513888474)
(0.499924 0.0087262 0.0121513888474)
(0.574035739647 -0.0100198243559 0.0121513888474)
(0.656305795513 -0.0114558525552 0.0121513888474)
(0.747632245606 -0.0130499605972 0.0121513888474)
(0.849012029524 -0.0148195501157 0.0121513888474)
(0.961551831265 -0.0167839383386 0.0121513888474)
(1.08648016004 -0.0189645689595 0.0121513888474)
(1.22516076092 -0.0213852462214 0.0121513888474)
(1.37910750185 -0.0240723947692 0.0121513888474)
(1.55000089925 -0.027055348107 0.0121513888474)
(1.73970646302 -0.0303666688089 0.0121513888474)
(1.95029506078 -0.0340425039793 0.0121513888474)
(2.18406552393 -0.0381229798427 0.0121513888474)
(2.44356974221 -0.0426526397702 0.0121513888474)
(2.73164052071 -0.0476809305251 0.0121513888474)
(3.05142250334 -0.053262742034 0.0121513888474)
(3.40640650049 -0.0594590065781 0.0121513888474)
(3.80046759548 -0.0663373639427 0.0121513888474)
(4.23790744582 -0.0739728997881 0.0121513888474)
(4.72350124103 -0.0824489653017 0.0121513888474)
(5.2625498297 -0.0918580870772 0.0121513888474)
(5.86093758467 -0.102302977155 0.0121513888474)
(6.52519663817 -0.113897654251 0.0121513888474)
(7.26257818799 -0.126768688409 0.0121513888474)
(8.08113165316 -0.141056582664 0.0121513888474)
(8.98979254318 -0.156917306811 0.0121513888474)
(9.99848 -0.174524 0.0121513888474)
(0.574035739647 0.0100198243559 0.0121513888474)
(0.656305795513 0.0114558525552 0.0121513888474)
(0.747632245606 0.0130499605972 0.0121513888474)
(0.849012029524 0.0148195501157 0.0121513888474)
(0.961551831265 0.0167839383386 0.0121513888474)
(1.08648016004 0.0189645689595 0.0121513888474)
(1.22516076092 0.0213852462214 0.0121513888474)
(1.37910750185 0.0240723947692 0.0121513888474)
(1.55000089925 0.027055348107 0.0121513888474)
(1.73970646302 0.0303666688089 0.0121513888474)
(1.95029506078 0.0340425039793 0.0121513888474)
(2.18406552393 0.0381229798427 0.0121513888474)
(2.44356974221 0.0426526397702 0.0121513888474)
(2.73164052071 0.0476809305251 0.0121513888474)
(3.05142250334 0.053262742034 0.0121513888474)
(3.40640650049 0.0594590065781 0.0121513888474)
(3.80046759548 0.0663373639427 0.0121513888474)
(4.23790744582 0.0739728997881 0.0121513888474)
(4.72350124103 0.0824489653017 0.0121513888474)
(5.2625498297 0.0918580870772 0.0121513888474)
(5.86093758467 0.102302977155 0.0121513888474)
(6.52519663817 0.113897654251 0.0121513888474)
(7.26257818799 0.126768688409 0.0121513888474)
(8.08113165316 0.141056582664 0.0121513888474)
(8.98979254318 0.156917306811 0.0121513888474)
(9.99848 0.174524 0.0121513888474)
(0 0 0.0101743009168)
(0.123695502252 -0.00215911156846 0.0101743009168)
(0.234202935964 -0.00408802469937 0.0101743009168)
(0.332928376124 -0.00581128250642 0.0101743009168)
(0.421127985938 -0.00735081138511 0.0101743009168)
(0.499924 -0.0087262 0.0101743009168)
(0.123695502252 0.00215911156846 0.0101743009168)
(0.234202935964 0.00408802469937 0.0101743009168)
(0.332928376124 0.00581128250642 0.0101743009168)
(0.421127985938 0.00735081138511 0.0101743009168)
(0.499924 0.0087262 0.0101743009168)
(0.574035739647 -0.0100198243559 0.0101743009168)
(0.656305795513 -0.0114558525552 0.0101743009168)
(0.747632245606 -0.0130499605972 0.0101743009168)
(0.849012029524 -0.0148195501157 0.0101743009168)
(0.961551831265 -0.0167839383386 0.0101743009168)
(1.08648016004 -0.0189645689595 0.0101743009168)
(1.22516076092 -0.0213852462214 0.0101743009168)
(1.37910750185 -0.0240723947692 0.0101743009168)
(1.55000089925 -0.027055348107 0.0101743009168)
(1.73970646302 -0.0303666688089 0.0101743009168)
(1.95029506078 -0.0340425039793 0.0101743009168)
(2.18406552393 -0.0381229798427 0.0101743009168)
(2.44356974221 -0.0426526397702 0.0101743009168)
(2.73164052071 -0.0476809305251 0.0101743009168)
(3.05142250334 -0.053262742034 0.0101743009168)
(3.40640650049 -0.0594590065781 0.0101743009168)
(3.80046759548 -0.0663373639427 0.0101743009168)
(4.23790744582 -0.0739728997881 0.0101743009168)
(4.72350124103 -0.0824489653017 0.0101743009168)
(5.2625498297 -0.0918580870772 0.0101743009168)
(5.86093758467 -0.102302977155 0.0101743009168)
(6.52519663817 -0.113897654251 0.0101743009168)
(7.26257818799 -0.126768688409 0.0101743009168)
(8.08113165316 -0.141056582664 0.0101743009168)
(8.98979254318 -0.156917306811 0.0101743009168)
(9.99848 -0.174524 0.0101743009168)
(0.574035739647 0.0100198243559 0.0101743009168)
(0.656305795513 0.0114558525552 0.0101743009168)
(0.747632245606 0.0130499605972 0.0101743009168)
(0.849012029524 0.0148195501157 0.0101743009168)
(0.961551831265 0.0167839383386 0.0101743009168)
(1.08648016004 0.0189645689595 0.0101743009168)
(1.22516076092 0.0213852462214 0.0101743009168)
(1.37910750185 0.0240723947692 0.0101743009168)
(1.55000089925 0.027055348107 0.0101743009168)
(1.73970646302 0.0303666688089 0.0101743009168)
(1.95029506078 0.0340425039793 0.0101743009168)
(2.18406552393 0.0381229798427 0.0101743009168)
(2.44356974221 0.0426526397702 0.0101743009168)
(2.73164052071 0.0476809305251 0.0101743009168)
(3.05142250334 0.053262742034 0.0101743009168)
(3.40640650049 0.0594590065781 0.0101743009168)
(3.80046759548 0.0663373639427 0.0101743009168)
(4.23790744582 0.0739728997881 0.0101743009168)
(4.72350124103 0.0824489653017 0.0101743009168)
(5.2625498297 0.0918580870772 0.0101743009168)
(5.86093758467 0.102302977155 0.0101743009168)
(6.52519663817 0.113897654251 0.0101743009168)
(7.26257818799 0.126768688409 0.0101743009168)
(8.08113165316 0.141056582664 0.0101743009168)
(8.98979254318 0.156917306811 0.0101743009168)
(9.99848 0.174524 0.0101743009168)
(0 0 0.00839314222355)
(0.123695502252 -0.00215911156846 0.00839314222355)
(0.234202935964 -0.00408802469937 0.00839314222355)
(0.332928376124 -0.00581128250642 0.00839314222355)
(0.421127985938 -0.00735081138511 0.00839314222355)
(0.499924 -0.0087262 0.00839314222355)
(0.123695502252 0.00215911156846 0.00839314222355)
(0.234202935964 0.00408802469937 0.00839314222355)
(0.332928376124 0.00581128250642 0.00839314222355)
(0.421127985938 0.00735081138511 0.00839314222355)
(0.499924 0.0087262 0.00839314222355)
(0.574035739647 -0.0100198243559 0.00839314222355)
(0.656305795513 -0.0114558525552 0.00839314222355)
(0.747632245606 -0.0130499605972 0.00839314222355)
(0.849012029524 -0.0148195501157 0.00839314222355)
(0.961551831265 -0.0167839383386 0.00839314222355)
(1.08648016004 -0.0189645689595 0.00839314222355)
(1.22516076092 -0.0213852462214 0.00839314222355)
(1.37910750185 -0.0240723947692 0.00839314222355)
(1.55000089925 -0.027055348107 0.00839314222355)
(1.73970646302 -0.0303666688089 0.00839314222355)
(1.95029506078 -0.0340425039793 0.00839314222355)
(2.18406552393 -0.0381229798427 0.00839314222355)
(2.44356974221 -0.0426526397702 0.00839314222355)
(2.73164052071 -0.0476809305251 0.00839314222355)
(3.05142250334 -0.053262742034 0.00839314222355)
(3.40640650049 -0.0594590065781 0.00839314222355)
(3.80046759548 -0.0663373639427 0.00839314222355)
(4.23790744582 -0.0739728997881 0.00839314222355)
(4.72350124103 -0.0824489653017 0.00839314222355)
(5.2625498297 -0.0918580870772 0.00839314222355)
(5.86093758467 -0.102302977155 0.00839314222355)
(6.52519663817 -0.113897654251 0.00839314222355)
(7.26257818799 -0.126768688409 0.00839314222355)
(8.08113165316 -0.141056582664 0.00839314222355)
(8.98979254318 -0.156917306811 0.00839314222355)
(9.99848 -0.174524 0.00839314222355)
(0.574035739647 0.0100198243559 0.00839314222355)
(0.656305795513 0.0114558525552 0.00839314222355)
(0.747632245606 0.0130499605972 0.00839314222355)
(0.849012029524 0.0148195501157 0.00839314222355)
(0.961551831265 0.0167839383386 0.00839314222355)
(1.08648016004 0.0189645689595 0.00839314222355)
(1.22516076092 0.0213852462214 0.00839314222355)
(1.37910750185 0.0240723947692 0.00839314222355)
(1.55000089925 0.027055348107 0.00839314222355)
(1.73970646302 0.0303666688089 0.00839314222355)
(1.95029506078 0.0340425039793 0.00839314222355)
(2.18406552393 0.0381229798427 0.00839314222355)
(2.44356974221 0.0426526397702 0.00839314222355)
(2.73164052071 0.0476809305251 0.00839314222355)
(3.05142250334 0.053262742034 0.00839314222355)
(3.40640650049 0.0594590065781 0.00839314222355)
(3.80046759548 0.0663373639427 0.00839314222355)
(4.23790744582 0.0739728997881 0.00839314222355)
(4.72350124103 0.0824489653017 0.00839314222355)
(5.2625498297 0.0918580870772 0.00839314222355)
(5.86093758467 0.102302977155 0.00839314222355)
(6.52519663817 0.113897654251 0.00839314222355)
(7.26257818799 0.126768688409 0.00839314222355)
(8.08113165316 0.141056582664 0.00839314222355)
(8.98979254318 0.156917306811 0.00839314222355)
(9.99848 0.174524 0.00839314222355)
(0 0 0.00678849619779)
(0.123695502252 -0.00215911156846 0.00678849619779)
(0.234202935964 -0.00408802469937 0.00678849619779)
(0.332928376124 -0.00581128250642 0.00678849619779)
(0.421127985938 -0.00735081138511 0.00678849619779)
(0.499924 -0.0087262 0.00678849619779)
(0.123695502252 0.00215911156846 0.00678849619779)
(0.234202935964 0.00408802469937 0.00678849619779)
(0.332928376124 0.00581128250642 0.00678849619779)
(0.421127985938 0.00735081138511 0.00678849619779)
(0.499924 0.0087262 0.00678849619779)
(0.574035739647 -0.0100198243559 0.00678849619779)
(0.656305795513 -0.0114558525552 0.00678849619779)
(0.747632245606 -0.0130499605972 0.00678849619779)
(0.849012029524 -0.0148195501157 0.00678849619779)
(0.961551831265 -0.0167839383386 0.00678849619779)
(1.08648016004 -0.0189645689595 0.00678849619779)
(1.22516076092 -0.0213852462214 0.00678849619779)
(1.37910750185 -0.0240723947692 0.00678849619779)
(1.55000089925 -0.027055348107 0.00678849619779)
(1.73970646302 -0.0303666688089 0.00678849619779)
(1.95029506078 -0.0340425039793 0.00678849619779)
(2.18406552393 -0.0381229798427 0.00678849619779)
(2.44356974221 -0.0426526397702 0.00678849619779)
(2.73164052071 -0.0476809305251 0.00678849619779)
(3.05142250334 -0.053262742034 0.00678849619779)
(3.40640650049 -0.0594590065781 0.00678849619779)
(3.80046759548 -0.0663373639427 0.00678849619779)
(4.23790744582 -0.0739728997881 0.00678849619779)
(4.72350124103 -0.0824489653017 0.00678849619779)
(5.2625498297 -0.0918580870772 0.00678849619779)
(5.86093758467 -0.102302977155 0.00678849619779)
(6.52519663817 -0.113897654251 0.00678849619779)
(7.26257818799 -0.126768688409 0.00678849619779)
(8.08113165316 -0.141056582664 0.00678849619779)
(8.98979254318 -0.156917306811 0.00678849619779)
(9.99848 -0.174524 0.00678849619779)
(0.574035739647 0.0100198243559 0.00678849619779)
(0.656305795513 0.0114558525552 0.00678849619779)
(0.747632245606 0.0130499605972 0.00678849619779)
(0.849012029524 0.0148195501157 0.00678849619779)
(0.961551831265 0.0167839383386 0.00678849619779)
(1.08648016004 0.0189645689595 0.00678849619779)
(1.22516076092 0.0213852462214 0.00678849619779)
(1.37910750185 0.0240723947692 0.00678849619779)
(1.55000089925 0.027055348107 0.00678849619779)
(1.73970646302 0.0303666688089 0.00678849619779)
(1.95029506078 0.0340425039793 0.00678849619779)
(2.18406552393 0.0381229798427 0.00678849619779)
(2.44356974221 0.0426526397702 0.00678849619779)
(2.73164052071 0.0476809305251 0.00678849619779)
(3.05142250334 0.053262742034 0.00678849619779)
(3.40640650049 0.0594590065781 0.00678849619779)
(3.80046759548 0.0663373639427 0.00678849619779)
(4.23790744582 0.0739728997881 0.00678849619779)
(4.72350124103 0.0824489653017 0.00678849619779)
(5.2625498297 0.0918580870772 0.00678849619779)
(5.86093758467 0.102302977155 0.00678849619779)
(6.52519663817 0.113897654251 0.00678849619779)
(7.26257818799 0.126768688409 0.00678849619779)
(8.08113165316 0.141056582664 0.00678849619779)
(8.98979254318 0.156917306811 0.00678849619779)
(9.99848 0.174524 0.00678849619779)
(0 0 0.00534287044992)
(0.123695502252 -0.00215911156846 0.00534287044992)
(0.234202935964 -0.00408802469937 0.00534287044992)
(0.332928376124 -0.00581128250642 0.00534287044992)
(0.421127985938 -0.00735081138511 0.00534287044992)
(0.499924 -0.0087262 0.00534287044992)
(0.123695502252 0.00215911156846 0.00534287044992)
(0.234202935964 0.00408802469937 0.00534287044992)
(0.332928376124 0.00581128250642 0.00534287044992)
(0.421127985938 0.00735081138511 0.00534287044992)
(0.499924 0.0087262 0.00534287044992)
(0.574035739647 -0.0100198243559 0.00534287044992)
(0.656305795513 -0.0114558525552 0.00534287044992)
(0.747632245606 -0.0130499605972 0.00534287044992)
(0.849012029524 -0.0148195501157 0.00534287044992)
(0.961551831265 -0.0167839383386 0.00534287044992)
(1.08648016004 -0.0189645689595 0.00534287044992)
(1.22516076092 -0.0213852462214 0.00534287044992)
(1.37910750185 -0.0240723947692 0.00534287044992)
(1.55000089925 -0.027055348107 0.00534287044992)
(1.73970646302 -0.0303666688089 0.00534287044992)
(1.95029506078 -0.0340425039793 0.00534287044992)
(2.18406552393 -0.0381229798427 0.00534287044992)
(2.44356974221 -0.0426526397702 0.00534287044992)
(2.73164052071 -0.0476809305251 0.00534287044992)
(3.05142250334 -0.053262742034 0.00534287044992)
(3.40640650049 -0.0594590065781 0.00534287044992)
(3.80046759548 -0.0663373639427 0.00534287044992)
(4.23790744582 -0.0739728997881 0.00534287044992)
(4.72350124103 -0.0824489653017 0.00534287044992)
(5.2625498297 -0.0918580870772 0.00534287044992)
(5.86093758467 -0.102302977155 0.00534287044992)
(6.52519663817 -0.113897654251 0.00534287044992)
(7.26257818799 -0.126768688409 0.00534287044992)
(8.08113165316 -0.141056582664 0.00534287044992)
(8.98979254318 -0.156917306811 0.00534287044992)
(9.99848 -0.174524 0.00534287044992)
(0.574035739647 0.0100198243559 0.00534287044992)
(0.656305795513 0.0114558525552 0.00534287044992)
(0.747632245606 0.0130499605972 0.00534287044992)
(0.849012029524 0.0148195501157 0.00534287044992)
(0.961551831265 0.0167839383386 0.00534287044992)
(1.08648016004 0.0189645689595 0.00534287044992)
(1.22516076092 0.0213852462214 0.00534287044992)
(1.37910750185 0.0240723947692 0.00534287044992)
(1.55000089925 0.027055348107 0.00534287044992)
(1.73970646302 0.0303666688089 0.00534287044992)
(1.95029506078 0.0340425039793 0.00534287044992)
(2.18406552393 0.0381229798427 0.00534287044992)
(2.44356974221 0.0426526397702 0.00534287044992)
(2.73164052071 0.0476809305251 0.00534287044992)
(3.05142250334 0.053262742034 0.00534287044992)
(3.40640650049 0.0594590065781 0.00534287044992)
(3.80046759548 0.0663373639427 0.00534287044992)
(4.23790744582 0.0739728997881 0.00534287044992)
(4.72350124103 0.0824489653017 0.00534287044992)
(5.2625498297 0.0918580870772 0.00534287044992)
(5.86093758467 0.102302977155 0.00534287044992)
(6.52519663817 0.113897654251 0.00534287044992)
(7.26257818799 0.126768688409 0.00534287044992)
(8.08113165316 0.141056582664 0.00534287044992)
(8.98979254318 0.156917306811 0.00534287044992)
(9.99848 0.174524 0.00534287044992)
(0 0 0.00404050608461)
(0.123695502252 -0.00215911156846 0.00404050608461)
(0.234202935964 -0.00408802469937 0.00404050608461)
(0.332928376124 -0.00581128250642 0.00404050608461)
(0.421127985938 -0.00735081138511 0.00404050608461)
(0.499924 -0.0087262 0.00404050608461)
(0.123695502252 0.00215911156846 0.00404050608461)
(0.234202935964 0.00408802469937 0.00404050608461)
(0.332928376124 0.00581128250642 0.00404050608461)
(0.421127985938 0.00735081138511 0.00404050608461)
(0.499924 0.0087262 0.00404050608461)
(0.574035739647 -0.0100198243559 0.00404050608461)
(0.656305795513 -0.0114558525552 0.00404050608461)
(0.747632245606 -0.0130499605972 0.00404050608461)
(0.849012029524 -0.0148195501157 0.00404050608461)
(0.961551831265 -0.0167839383386 0.00404050608461)
(1.08648016004 -0.0189645689595 0.00404050608461)
(1.22516076092 -0.0213852462214 0.00404050608461)
(1.37910750185 -0.0240723947692 0.00404050608461)
(1.55000089925 -0.027055348107 0.00404050608461)
(1.73970646302 -0.0303666688089 0.00404050608461)
(1.95029506078 -0.0340425039793 0.00404050608461)
(2.18406552393 -0.0381229798427 0.00404050608461)
(2.44356974221 -0.0426526397702 0.00404050608461)
(2.73164052071 -0.0476809305251 0.00404050608461)
(3.05142250334 -0.053262742034 0.00404050608461)
(3.40640650049 -0.0594590065781 0.00404050608461)
(3.80046759548 -0.0663373639427 0.00404050608461)
(4.23790744582 -0.0739728997881 0.00404050608461)
(4.72350124103 -0.0824489653017 0.00404050608461)
(5.2625498297 -0.0918580870772 0.00404050608461)
(5.86093758467 -0.102302977155 0.00404050608461)
(6.52519663817 -0.113897654251 0.00404050608461)
(7.26257818799 -0.126768688409 0.00404050608461)
(8.08113165316 -0.141056582664 0.00404050608461)
(8.98979254318 -0.156917306811 0.00404050608461)
(9.99848 -0.174524 0.00404050608461)
(0.574035739647 0.0100198243559 0.00404050608461)
(0.656305795513 0.0114558525552 0.00404050608461)
(0.747632245606 0.0130499605972 0.00404050608461)
(0.849012029524 0.0148195501157 0.00404050608461)
(0.961551831265 0.0167839383386 0.00404050608461)
(1.08648016004 0.0189645689595 0.00404050608461)
(1.22516076092 0.0213852462214 0.00404050608461)
(1.37910750185 0.0240723947692 0.00404050608461)
(1.55000089925 0.027055348107 0.00404050608461)
(1.73970646302 0.0303666688089 0.00404050608461)
(1.95029506078 0.0340425039793 0.00404050608461)
(2.18406552393 0.0381229798427 0.00404050608461)
(2.44356974221 0.0426526397702 0.00404050608461)
(2.73164052071 0.0476809305251 0.00404050608461)
(3.05142250334 0.053262742034 0.00404050608461)
(3.40640650049 0.0594590065781 0.00404050608461)
(3.80046759548 0.0663373639427 0.00404050608461)
(4.23790744582 0.0739728997881 0.00404050608461)
(4.72350124103 0.0824489653017 0.00404050608461)
(5.2625498297 0.0918580870772 0.00404050608461)
(5.86093758467 0.102302977155 0.00404050608461)
(6.52519663817 0.113897654251 0.00404050608461)
(7.26257818799 0.126768688409 0.00404050608461)
(8.08113165316 0.141056582664 0.00404050608461)
(8.98979254318 0.156917306811 0.00404050608461)
(9.99848 0.174524 0.00404050608461)
(0 0 0.00286720591162)
(0.123695502252 -0.00215911156846 0.00286720591162)
(0.234202935964 -0.00408802469937 0.00286720591162)
(0.332928376124 -0.00581128250642 0.00286720591162)
(0.421127985938 -0.00735081138511 0.00286720591162)
(0.499924 -0.0087262 0.00286720591162)
(0.123695502252 0.00215911156846 0.00286720591162)
(0.234202935964 0.00408802469937 0.00286720591162)
(0.332928376124 0.00581128250642 0.00286720591162)
(0.421127985938 0.00735081138511 0.00286720591162)
(0.499924 0.0087262 0.00286720591162)
(0.574035739647 -0.0100198243559 0.00286720591162)
(0.656305795513 -0.0114558525552 0.00286720591162)
(0.747632245606 -0.0130499605972 0.00286720591162)
(0.849012029524 -0.0148195501157 0.00286720591162)
(0.961551831265 -0.0167839383386 0.00286720591162)
(1.08648016004 -0.0189645689595 0.00286720591162)
(1.22516076092 -0.0213852462214 0.00286720591162)
(1.37910750185 -0.0240723947692 0.00286720591162)
(1.55000089925 -0.027055348107 0.00286720591162)
(1.73970646302 -0.0303666688089 0.00286720591162)
(1.95029506078 -0.0340425039793 0.00286720591162)
(2.18406552393 -0.0381229798427 0.00286720591162)
(2.44356974221 -0.0426526397702 0.00286720591162)
(2.73164052071 -0.0476809305251 0.00286720591162)
(3.05142250334 -0.053262742034 0.00286720591162)
(3.40640650049 -0.0594590065781 0.00286720591162)
(3.80046759548 -0.0663373639427 0.00286720591162)
(4.23790744582 -0.0739728997881 0.00286720591162)
(4.72350124103 -0.0824489653017 0.00286720591162)
(5.2625498297 -0.0918580870772 0.00286720591162)
(5.86093758467 -0.102302977155 0.00286720591162)
(6.52519663817 -0.113897654251 0.00286720591162)
(7.26257818799 -0.126768688409 0.00286720591162)
(8.08113165316 -0.141056582664 0.00286720591162)
(8.98979254318 -0.156917306811 0.00286720591162)
(9.99848 -0.174524 0.00286720591162)
(0.574035739647 0.0100198243559 0.00286720591162)
(0.656305795513 0.0114558525552 0.00286720591162)
(0.747632245606 0.0130499605972 0.00286720591162)
(0.849012029524 0.0148195501157 0.00286720591162)
(0.961551831265 0.0167839383386 0.00286720591162)
(1.08648016004 0.0189645689595 0.00286720591162)
(1.22516076092 0.0213852462214 0.00286720591162)
(1.37910750185 0.0240723947692 0.00286720591162)
(1.55000089925 0.027055348107 0.00286720591162)
(1.73970646302 0.0303666688089 0.00286720591162)
(1.95029506078 0.0340425039793 0.00286720591162)
(2.18406552393 0.0381229798427 0.00286720591162)
(2.44356974221 0.0426526397702 0.00286720591162)
(2.73164052071 0.0476809305251 0.00286720591162)
(3.05142250334 0.053262742034 0.00286720591162)
(3.40640650049 0.0594590065781 0.00286720591162)
(3.80046759548 0.0663373639427 0.00286720591162)
(4.23790744582 0.0739728997881 0.00286720591162)
(4.72350124103 0.0824489653017 0.00286720591162)
(5.2625498297 0.0918580870772 0.00286720591162)
(5.86093758467 0.102302977155 0.00286720591162)
(6.52519663817 0.113897654251 0.00286720591162)
(7.26257818799 0.126768688409 0.00286720591162)
(8.08113165316 0.141056582664 0.00286720591162)
(8.98979254318 0.156917306811 0.00286720591162)
(9.99848 0.174524 0.00286720591162)
(0 0 0.00181017968102)
(0.123695502252 -0.00215911156846 0.00181017968102)
(0.234202935964 -0.00408802469937 0.00181017968102)
(0.332928376124 -0.00581128250642 0.00181017968102)
(0.421127985938 -0.00735081138511 0.00181017968102)
(0.499924 -0.0087262 0.00181017968102)
(0.123695502252 0.00215911156846 0.00181017968102)
(0.234202935964 0.00408802469937 0.00181017968102)
(0.332928376124 0.00581128250642 0.00181017968102)
(0.421127985938 0.00735081138511 0.00181017968102)
(0.499924 0.0087262 0.00181017968102)
(0.574035739647 -0.0100198243559 0.00181017968102)
(0.656305795513 -0.0114558525552 0.00181017968102)
(0.747632245606 -0.0130499605972 0.00181017968102)
(0.849012029524 -0.0148195501157 0.00181017968102)
(0.961551831265 -0.0167839383386 0.00181017968102)
(1.08648016004 -0.0189645689595 0.00181017968102)
(1.22516076092 -0.0213852462214 0.00181017968102)
(1.37910750185 -0.0240723947692 0.00181017968102)
(1.55000089925 -0.027055348107 0.00181017968102)
(1.73970646302 -0.0303666688089 0.00181017968102)
(1.95029506078 -0.0340425039793 0.00181017968102)
(2.18406552393 -0.0381229798427 0.00181017968102)
(2.44356974221 -0.0426526397702 0.00181017968102)
(2.73164052071 -0.0476809305251 0.00181017968102)
(3.05142250334 -0.053262742034 0.00181017968102)
(3.40640650049 -0.0594590065781 0.00181017968102)
(3.80046759548 -0.0663373639427 0.00181017968102)
(4.23790744582 -0.0739728997881 0.00181017968102)
(4.72350124103 -0.0824489653017 0.00181017968102)
(5.2625498297 -0.0918580870772 0.00181017968102)
(5.86093758467 -0.102302977155 0.00181017968102)
(6.52519663817 -0.113897654251 0.00181017968102)
(7.26257818799 -0.126768688409 0.00181017968102)
(8.08113165316 -0.141056582664 0.00181017968102)
(8.98979254318 -0.156917306811 0.00181017968102)
(9.99848 -0.174524 0.00181017968102)
(0.574035739647 0.0100198243559 0.00181017968102)
(0.656305795513 0.0114558525552 0.00181017968102)
(0.747632245606 0.0130499605972 0.00181017968102)
(0.849012029524 0.0148195501157 0.00181017968102)
(0.961551831265 0.0167839383386 0.00181017968102)
(1.08648016004 0.0189645689595 0.00181017968102)
(1.22516076092 0.0213852462214 0.00181017968102)
(1.37910750185 0.0240723947692 0.00181017968102)
(1.55000089925 0.027055348107 0.00181017968102)
(1.73970646302 0.0303666688089 0.00181017968102)
(1.95029506078 0.0340425039793 0.00181017968102)
(2.18406552393 0.0381229798427 0.00181017968102)
(2.44356974221 0.0426526397702 0.00181017968102)
(2.73164052071 0.0476809305251 0.00181017968102)
(3.05142250334 0.053262742034 0.00181017968102)
(3.40640650049 0.0594590065781 0.00181017968102)
(3.80046759548 0.0663373639427 0.00181017968102)
(4.23790744582 0.0739728997881 0.00181017968102)
(4.72350124103 0.0824489653017 0.00181017968102)
(5.2625498297 0.0918580870772 0.00181017968102)
(5.86093758467 0.102302977155 0.00181017968102)
(6.52519663817 0.113897654251 0.00181017968102)
(7.26257818799 0.126768688409 0.00181017968102)
(8.08113165316 0.141056582664 0.00181017968102)
(8.98979254318 0.156917306811 0.00181017968102)
(9.99848 0.174524 0.00181017968102)
(0 0 0.000857904655505)
(0.123695502252 -0.00215911156846 0.000857904655505)
(0.234202935964 -0.00408802469937 0.000857904655505)
(0.332928376124 -0.00581128250642 0.000857904655505)
(0.421127985938 -0.00735081138511 0.000857904655505)
(0.499924 -0.0087262 0.000857904655505)
(0.123695502252 0.00215911156846 0.000857904655505)
(0.234202935964 0.00408802469937 0.000857904655505)
(0.332928376124 0.00581128250642 0.000857904655505)
(0.421127985938 0.00735081138511 0.000857904655505)
(0.499924 0.0087262 0.000857904655505)
(0.574035739647 -0.0100198243559 0.000857904655505)
(0.656305795513 -0.0114558525552 0.000857904655505)
(0.747632245606 -0.0130499605972 0.000857904655505)
(0.849012029524 -0.0148195501157 0.000857904655505)
(0.961551831265 -0.0167839383386 0.000857904655505)
(1.08648016004 -0.0189645689595 0.000857904655505)
(1.22516076092 -0.0213852462214 0.000857904655505)
(1.37910750185 -0.0240723947692 0.000857904655505)
(1.55000089925 -0.027055348107 0.000857904655505)
(1.73970646302 -0.0303666688089 0.000857904655505)
(1.95029506078 -0.0340425039793 0.000857904655505)
(2.18406552393 -0.0381229798427 0.000857904655505)
(2.44356974221 -0.0426526397702 0.000857904655505)
(2.73164052071 -0.0476809305251 0.000857904655505)
(3.05142250334 -0.053262742034 0.000857904655505)
(3.40640650049 -0.0594590065781 0.000857904655505)
(3.80046759548 -0.0663373639427 0.000857904655505)
(4.23790744582 -0.0739728997881 0.000857904655505)
(4.72350124103 -0.0824489653017 0.000857904655505)
(5.2625498297 -0.0918580870772 0.000857904655505)
(5.86093758467 -0.102302977155 0.000857904655505)
(6.52519663817 -0.113897654251 0.000857904655505)
(7.26257818799 -0.126768688409 0.000857904655505)
(8.08113165316 -0.141056582664 0.000857904655505)
(8.98979254318 -0.156917306811 0.000857904655505)
(9.99848 -0.174524 0.000857904655505)
(0.574035739647 0.0100198243559 0.000857904655505)
(0.656305795513 0.0114558525552 0.000857904655505)
(0.747632245606 0.0130499605972 0.000857904655505)
(0.849012029524 0.0148195501157 0.000857904655505)
(0.961551831265 0.0167839383386 0.000857904655505)
(1.08648016004 0.0189645689595 0.000857904655505)
(1.22516076092 0.0213852462214 0.000857904655505)
(1.37910750185 0.0240723947692 0.000857904655505)
(1.55000089925 0.027055348107 0.000857904655505)
(1.73970646302 0.0303666688089 0.000857904655505)
(1.95029506078 0.0340425039793 0.000857904655505)
(2.18406552393 0.0381229798427 0.000857904655505)
(2.44356974221 0.0426526397702 0.000857904655505)
(2.73164052071 0.0476809305251 0.000857904655505)
(3.05142250334 0.053262742034 0.000857904655505)
(3.40640650049 0.0594590065781 0.000857904655505)
(3.80046759548 0.0663373639427 0.000857904655505)
(4.23790744582 0.0739728997881 0.000857904655505)
(4.72350124103 0.0824489653017 0.000857904655505)
(5.2625498297 0.0918580870772 0.000857904655505)
(5.86093758467 0.102302977155 0.000857904655505)
(6.52519663817 0.113897654251 0.000857904655505)
(7.26257818799 0.126768688409 0.000857904655505)
(8.08113165316 0.141056582664 0.000857904655505)
(8.98979254318 0.156917306811 0.000857904655505)
(9.99848 0.174524 0.000857904655505)
)


// ************************************************************************* //
